Iteration	CPUTime	PhysTime	Travels	Value	AvValue	MinValue	MaxValue	Delta	Criteria	Progress	dGMaxMin	CriteriaType	CriteriaVarType	CriteriaPercentage
1	12	0	0.0112032132	101425.565	101425.565	101425.565	101425.565	0	0	0	0	15392.5	0	0	3
2	15	0	0.0224064263	101423.94	101424.753	101423.94	101425.565	0.81265163	0	0	0	7427.49	0	0	3
3	19	0	0.0336096395	101423.958	101424.488	101423.94	101425.565	1.07746882	0	0	0	4819.6	0	0	3
4	22	0	0.0448128527	101423.926	101424.347	101423.926	101425.565	1.21781638	0	0	0	4172.52	0	0	3
5	25	0	0.0560160658	101423.863	101424.25	101423.863	101425.565	1.31473597	0	0	0	2979.85	0	0	3
6	28	0	0.067219279	101423.852	101424.184	101423.852	101425.565	1.3811433	0	0	0	2489.93	0	0	3
7	32	0	0.0784224922	101423.778	101424.126	101423.778	101425.565	1.43916182	0	0	0	2328.58	0	0	3
8	35	0	0.0896257053	101423.735	101424.077	101423.735	101425.565	1.48799089	0	0	0	2268.64	0	0	3
9	38	0	0.100828918	101423.671	101424.032	101423.671	101425.565	1.5331267	0	0	0	2144.77	0	0	3
10	41	0	0.112032132	101423.622	101423.991	101423.622	101425.565	1.57410099	0	0	0	2014.02	0	0	3
11	44	0	0.123235345	101423.54	101423.95	101423.54	101425.565	1.61508901	0	0	0	1927.13	0	0	3
12	48	0	0.134438558	101423.473	101423.91	101423.473	101425.565	1.65485273	0	0	0	1867.36	0	0	3
13	51	0	0.145641771	101423.39	101423.87	101423.39	101425.565	1.69489768	0	0	0	1812.07	0	0	3
14	54	0	0.156844984	101423.325	101423.831	101423.325	101425.565	1.7338193	0	0	0	1833.77	0	0	3
15	57	0	0.168048197	101423.244	101423.792	101423.244	101425.565	1.7729792	0	0	0	1832.72	0	0	3
16	60	0	0.179251411	101423.163	101423.753	101423.163	101425.565	1.81231099	0	0	0	1809.66	0	0	3
17	64	0	0.190454624	101423.064	101423.712	101423.064	101425.565	1.85281603	0	0	0	1768.94	0	0	3
18	67	0	0.201657837	101422.983	101423.672	101422.983	101425.565	1.89334967	0	0	0	1734.05	0	0	3
19	70	0	0.21286105	101422.892	101423.631	101422.892	101425.565	1.93437541	0	0	0	1693.03	0	0	3
20	74	0	0.224064263	101422.81	101423.59	101422.81	101425.565	1.9753968	0	0	0	1654.07	0	0	3
21	78	0	0.235267476	101422.7	101423.547	101422.7	101425.565	2.01777049	0	0	0	1617.44	0	0	3
22	82	0	0.24647069	101422.592	101423.504	101422.592	101425.565	2.06120096	0	0	0	1578.17	0	0	3
23	86	0	0.257673903	101422.482	101423.46	101422.482	101425.565	2.10563628	0	0	0	1536.22	0	0	3
24	89	0	0.268877116	101422.374	101423.414	101422.374	101425.565	2.15086603	0	0	0	1465.87	0	0	3
25	92	0	0.280080329	101422.265	101423.368	101422.265	101425.565	2.19682561	0	0	0	1391.73	0	0	3
26	96	0	0.291283542	101422.124	101423.321	101422.124	101425.565	2.24469946	0	0	0	1327.71	0	0	3
27	100	0	0.302486755	101421.977	101423.271	101421.977	101425.565	2.29447575	0	0	0	1286.83	0	0	3
28	103	0	0.313689969	101421.832	101423.219	101421.832	101425.565	2.34584408	0	0	0	1239.62	0	0	3
29	106	0	0.324893182	101421.693	101423.167	101421.693	101425.565	2.39846297	0	0	0	1209.12	0	0	3
30	110	0	0.336096395	101421.561	101423.113	101421.561	101425.565	2.45199077	0	0	0	1171.97	0	0	3
31	113	0	0.347299608	101421.392	101423.058	101421.392	101425.565	2.50752674	0	0	0	1154.06	0	0	3
32	116	0	0.358502821	101421.236	101423.001	101421.236	101425.565	2.56445577	0	0	0	1132.83	0	0	3
33	120	0	0.369706034	101421.1	101422.943	101421.1	101425.565	2.62204959	0	0	0	1117.55	0	0	3
34	124	0	0.380909248	101420.984	101422.886	101420.984	101425.565	2.67968229	0	0	0	1100.57	0	0	3
35	127	0	0.392112461	101420.882	101422.828	101420.882	101425.565	2.73691989	0	0	0	1086.18	0	0	3
36	131	0	0.403315674	101420.767	101422.771	101420.767	101425.565	2.79417835	0	0	0	1074.96	0	0	3
37	134	0	0.414518887	101420.665	101422.714	101420.665	101425.565	2.85109266	0	0	0	1063.95	0	0	3
38	137	0	0.4257221	101420.576	101422.658	101420.576	101425.565	2.90735808	0	0	0	1053.38	0	0	3
39	140	0	0.436925313	101420.493	101422.602	101420.493	101425.565	2.96286141	0	0	0	1042.91	0	0	3
40	143	0	0.448128527	101420.42	101422.548	101420.42	101425.565	3.01743012	0	0	0	1032.78	0	0	3
41	147	0	0.45933174	101420.329	101422.494	101420.329	101425.565	3.07155353	0	0	0	1024.94	0	0	3
42	150	0	0.470534953	101420.242	101422.44	101420.242	101425.565	3.12515362	0	0	0	1017.56	0	0	3
43	153	0	0.481738166	101420.167	101422.387	101420.167	101425.565	3.17802352	0	0	0	1012.46	0	0	3
44	156	0	0.492941379	101420.104	101422.335	101420.104	101425.565	3.22991555	0	0	0	1007.14	0	0	3
45	159	0	0.504144592	101420.054	101422.285	101420.054	101425.565	3.2806215	0	0	0	1001.77	0	0	3
46	162	0	0.515347806	101420.014	101422.161	101420.014	101423.958	2.59132564	0	0	0	996.459	0	0	3
47	165	0	0.526551019	101419.986	101422.073	101419.986	101423.958	2.41436663	0	0	0	990.804	0	0	3
48	169	0	0.537754232	101419.964	101421.985	101419.964	101423.926	2.36276572	0	0	0	984.983	0	0	3
49	172	0	0.548957445	101419.946	101421.896	101419.946	101423.863	2.35429005	0	0	0	979.557	0	0	3
50	175	0	0.560160658	101419.934	101421.809	101419.934	101423.852	2.37520003	0	0	0	973.8	0	0	3
51	178	0	0.571363871	101419.922	101421.722	101419.922	101423.778	2.40452232	0	0	0	967.525	0	0	3
52	181	0	0.582567085	101419.91	101421.636	101419.91	101423.735	2.44165019	0	0	0	961.353	0	0	3
53	184	0	0.593770298	101419.898	101421.55	101419.898	101423.671	2.48178146	0	0	0	954.94	0	0	3
54	187	0	0.604973511	101419.886	101421.466	101419.886	101423.622	2.52492262	0	0	0	948.921	0	0	3
55	189	0	0.616176724	101419.871	101421.383	101419.871	101423.54	2.5673081	0	0	0	942.551	0	0	3
56	192	0	0.627379937	101419.856	101421.301	101419.856	101423.473	2.60942691	0	0	0	937.246	0	0	3
57	196	0	0.63858315	101419.84	101421.22	101419.84	101423.39	2.65011831	0	0	0	930.939	0	0	3
58	199	0	0.649786364	101419.826	101421.141	101419.826	101423.325	2.69039462	0	0	0	925.368	0	0	3
59	202	0	0.660989577	101419.812	101421.063	101419.812	101423.244	2.72931771	0	0	0	919.017	0	0	3
60	205	0	0.67219279	101419.801	101420.986	101419.801	101423.163	2.76648636	0	0	0	914.024	0	0	3
61	208	0	0.683396003	101419.791	101420.911	101419.791	101423.064	2.80090279	0	0	0	907.791	0	0	3
62	211	0	0.694599216	101419.785	101420.839	101419.785	101422.983	2.83324086	0	0	0	902.821	0	0	3
63	214	0	0.705802429	101419.781	101420.767	101419.781	101422.892	2.86336566	0	0	0	897.214	0	0	3
64	217	0	0.717005643	101419.78	101420.698	101419.78	101422.81	2.8915074	0	0	0	891.636	0	0	3
65	220	0	0.728208856	101419.781	101420.631	101419.78	101422.7	2.91645823	0	0	0	885.594	0	0	3
66	223	0	0.739412069	101419.784	101420.566	101419.78	101422.592	2.8119385	0	0	0	879.93	0	0	3
67	226	0	0.750615282	101419.788	101420.504	101419.78	101422.482	2.70196625	0	0	0	874.217	0	0	3
68	229	0	0.761818495	101419.792	101420.444	101419.78	101422.374	2.59402929	0	0	0	868.547	0	0	3
69	232	0	0.773021708	101419.796	101420.387	101419.78	101422.265	2.48532396	0	0	0	862.7	0	0	3
70	235	0	0.784224922	101419.801	101420.332	101419.78	101422.124	2.34363362	0	0	0	856.896	0	0	3
71	238	0	0.795428135	101419.805	101420.28	101419.78	101421.977	2.19652035	0	0	0	850.716	0	0	3
72	241	0	0.806631348	101419.809	101420.232	101419.78	101421.832	2.05239058	0	0	0	845.873	0	0	3
73	244	0	0.817834561	101419.812	101420.187	101419.78	101421.693	1.91338737	0	0	0	840.415	0	0	3
74	247	0	0.829037774	101419.816	101420.146	101419.78	101421.561	1.78088271	0	0	0	834.529	0	0	3
75	250	0	0.840240987	101419.818	101420.107	101419.78	101421.392	1.61157366	0	0	0	828.652	0	0	3
76	253	0	0.851444201	101419.821	101420.072	101419.78	101421.236	1.45592387	0	0	0	823.779	0	0	3
77	256	0	0.862647414	101419.823	101420.041	101419.78	101421.1	1.32012767	0	0	0	817.767	0	0	3
78	259	0	0.873850627	101419.826	101420.012	101419.78	101420.984	1.20361793	0	0	0	812.364	0	0	3
79	262	0	0.88505384	101419.827	101419.987	101419.78	101420.882	1.10218128	0	0	0	806.515	0	0	3
80	265	0	0.896257053	101419.83	101419.963	101419.78	101420.767	0.986955149	0	0	0	801.423	0	0	3
81	268	0	0.907460266	101419.831	101419.942	101419.78	101420.665	0.885171415	0	0	0	795.614	0	0	3
82	271	0	0.918663479	101419.834	101419.924	101419.78	101420.576	0.796001116	0	0	0	790.788	0	0	3
83	274	0	0.929866693	101419.836	101419.908	101419.78	101420.493	0.713191262	0	0	0	785.163	0	0	3
84	277	0	0.941069906	101419.838	101419.893	101419.78	101420.42	0.639569837	0	0	0	779.868	0	0	3
85	280	0	0.952273119	101419.839	101419.88	101419.78	101420.329	0.548689619	0	0	0	774.333	0	0	3
86	283	0	0.963476332	101419.841	101419.869	101419.78	101420.242	0.462421906	0	0	0	769.486	0	0	3
87	286	0	0.974679545	101419.841	101419.86	101419.78	101420.167	0.386620469	0	0	0	764.792	0	0	3
88	289	0	0.985882758	101419.842	101419.853	101419.78	101420.104	0.323906502	0	0	0	759.718	0	0	3
89	292	0	0.997085972	101419.841	101419.847	101419.78	101420.054	0.27349636	0	0	0	754.808	0	0	3
90	294	0	1.00828918	101419.841	101419.843	101419.78	101420.014	0.234169706	0.125342288	0	53.5	748.977	0	0	3
91	297	0	1.0194924	101419.839	101419.839	101419.78	101419.986	0.206258207	0.125342288	0	60.7	743.414	0	0	3
92	300	0	1.03069561	101419.837	101419.835	101419.78	101419.964	0.184477301	0.125342288	0	67.9	738.089	0	0	3
93	303	0	1.04189882	101419.835	101419.832	101419.78	101419.946	0.166343846	0.125342288	0	75.3	733.129	0	0	3
94	306	0	1.05310204	101419.834	101419.83	101419.78	101419.934	0.153486132	0.125342288	0	81.6	727.789	0	0	3
95	309	0	1.06430525	101419.832	101419.828	101419.78	101419.922	0.141663267	0.125342288	0	88.4	728.407	0	0	3
96	312	0	1.07550846	101419.83	101419.826	101419.78	101419.91	0.129844016	0.125342288	0	96.5	728.346	0	0	3
97	315	0	1.08671168	101419.827	101419.824	101419.78	101419.898	0.118366717	0.125342288	0	100	729.548	0	0	3
98	318	0	1.09791489	101419.825	101419.822	101419.78	101419.886	0.105770692	0.125342288	0	100	728.977	0	0	3
99	321	0	1.1091181	101419.822	101419.821	101419.78	101419.871	0.0905030311	0.125342288	0	100	729.116	0	0	3
100	324	0	1.12032132	101419.82	101419.82	101419.78	101419.856	0.0754957484	0.125342288	0	100	727.154	0	0	3
101	327	0	1.13152453	101419.816	101419.819	101419.78	101419.842	0.0618300808	0.125342288	0	100	728.396	0	0	3
102	330	0	1.14272774	101419.814	101419.818	101419.78	101419.842	0.0618300808	0.125342288	0	100	729.352	0	0	3
103	333	0	1.15393096	101419.812	101419.818	101419.78	101419.842	0.0618300808	0.125342288	0	100	728.034	0	0	3
104	336	0	1.16513417	101419.81	101419.818	101419.78	101419.842	0.0618300808	0.125342288	0	100	728.631	0	0	3
105	339	0	1.17633738	101419.807	101419.818	101419.78	101419.842	0.0618300808	0.125342288	0	100	730.175	0	0	3
106	342	0	1.1875406	101419.805	101419.818	101419.78	101419.842	0.0618300808	0.125342288	0	100	728.001	0	0	3
107	345	0	1.19874381	101419.802	101419.819	101419.78	101419.842	0.0618300808	0.125342288	0	100	729.248	0	0	3
108	348	0	1.20994702	101419.8	101419.819	101419.78	101419.842	0.0618300808	0.125342288	0	100	730.34	0	0	3
109	351	0	1.22115023	101419.797	101419.819	101419.781	101419.842	0.0610570603	0.125342288	0	100	729.469	0	0	3
110	354	0	1.23235345	101419.795	101419.82	101419.784	101419.842	0.0580707499	0.125342288	0	100	730.492	0	0	3
111	356	0	1.24355666	101419.792	101419.82	101419.788	101419.842	0.0542241764	0.125342288	0	100	729.711	0	0	3
112	359	0	1.25475987	101419.79	101419.82	101419.79	101419.842	0.0515532672	0.125342288	0	100	730.691	0	0	3
113	362	0	1.26596309	101419.788	101419.82	101419.788	101419.842	0.054071089	0.125342288	0	100	729.919	0	0	3
114	365	0	1.2771663	101419.786	101419.82	101419.786	101419.842	0.0556796982	0.125342288	0	100	730.995	0	0	3
115	368	0	1.28836951	101419.784	101419.819	101419.784	101419.842	0.058109331	0.125342288	0	100	729.763	0	0	3
116	371	0	1.29957273	101419.783	101419.819	101419.783	101419.842	0.0592914396	0.125342288	0	100	730.514	0	0	3
117	374	0	1.31077594	101419.78	101419.818	101419.78	101419.842	0.0622711062	0.125342288	0	100	731.989	0	0	3
118	377	0	1.32197915	101419.777	101419.817	101419.777	101419.842	0.0644679029	0.125342288	0	100	731.573	0	0	3
119	380	0	1.33318237	101419.775	101419.817	101419.775	101419.842	0.0672559702	0.125342288	0	100	731.949	0	0	3
120	383	0	1.34438558	101419.772	101419.816	101419.772	101419.842	0.0694159286	0.125342288	0	100	729.758	0	0	3
121	385	0	1.35558879	101419.769	101419.814	101419.769	101419.842	0.0724082067	0.125342288	0	100	731.076	0	0	3
122	388	0	1.36679201	101419.768	101419.813	101419.768	101419.842	0.0742456983	0.125342288	0	100	732.026	0	0	3
123	391	0	1.37799522	101419.765	101419.812	101419.765	101419.842	0.0773323413	0.125342288	0	100	730.767	0	0	3
124	394	0	1.38919843	101419.762	101419.81	101419.762	101419.842	0.0797399757	0.125342288	0	100	732.222	0	0	3
125	397	0	1.40040165	101419.759	101419.809	101419.759	101419.842	0.0827677831	0.125342288	0	100	731.219	0	0	3
126	400	0	1.41160486	101419.756	101419.807	101419.756	101419.842	0.0855401844	0.125342288	0	100	731.524	0	0	3
127	403	0	1.42280807	101419.753	101419.805	101419.753	101419.842	0.0887181559	0.125342288	0	100	733.095	0	0	3
128	406	0	1.43401129	101419.75	101419.803	101419.75	101419.842	0.0896469468	0.125342288	0	100	730.818	0	0	3
129	409	0	1.4452145	101419.747	101419.801	101419.747	101419.842	0.0787477848	0.125342288	0	100	731.382	0	0	3
130	412	0	1.45641771	101419.744	101419.799	101419.744	101419.842	0.0700031644	0.125342288	0	100	732.246	0	0	3
131	415	0	1.46762092	101419.741	101419.797	101419.741	101419.842	0.0633067876	0.125342288	0	100	730.967	0	0	3
132	418	0	1.47882414	101419.738	101419.795	101419.738	101419.842	0.0583839194	0.125342288	0	100	732.025	0	0	3
133	421	0	1.49002735	101419.734	101419.792	101419.734	101419.841	0.0549458688	0.125342288	0	100	730.724	0	0	3
134	424	0	1.50123056	101419.731	101419.79	101419.731	101419.841	0.0526608168	0.125342288	0	100	731.744	0	0	3
135	427	0	1.51243378	101419.728	101419.787	101419.728	101419.839	0.0512783243	0.125342288	0	100	730.608	0	0	3
136	430	0	1.52363699	101419.725	101419.785	101419.725	101419.837	0.0505010935	0.125342288	0	100	731.498	0	0	3
137	432	0	1.5348402	101419.721	101419.782	101419.721	101419.835	0.0502108554	0.125342288	0	100	731.862	0	0	3
138	435	0	1.54604342	101419.718	101419.78	101419.718	101419.834	0.050313361	0.125342288	0	100	731.159	0	0	3
139	438	0	1.55724663	101419.714	101419.777	101419.714	101419.832	0.0507121277	0.125342288	0	100	732.515	0	0	3
140	441	0	1.56844984	101419.711	101419.774	101419.711	101419.83	0.0513550766	0.125342288	0	100	730.22	0	0	3
141	444	0	1.57965306	101419.708	101419.772	101419.708	101419.827	0.0522396904	0.125342288	0	100	730.629	0	0	3
142	447	0	1.59085627	101419.704	101419.769	101419.704	101419.825	0.053349316	0.125342288	0	100	731.935	0	0	3
143	450	0	1.60205948	101419.701	101419.766	101419.701	101419.822	0.054702049	0.125342288	0	100	730.343	0	0	3
144	453	0	1.6132627	101419.698	101419.763	101419.698	101419.82	0.0567108022	0.125342288	0	100	731.529	0	0	3
145	456	0	1.62446591	101419.694	101419.761	101419.694	101419.816	0.0595065737	0.125342288	0	100	730.165	0	0	3
146	459	0	1.63566912	101419.691	101419.758	101419.691	101419.814	0.062281131	0.125342288	0	100	731.203	0	0	3
147	462	0	1.64687234	101419.688	101419.755	101419.688	101419.812	0.065092657	0.125342288	0	100	731.235	0	0	3
148	465	0	1.65807555	101419.685	101419.752	101419.685	101419.81	0.0679119817	0.125342288	0	100	730.604	0	0	3
149	468	0	1.66927876	101419.681	101419.749	101419.681	101419.807	0.0707655693	0.125342288	0	100	729.462	0	0	3
150	471	0	1.68048197	101419.678	101419.746	101419.678	101419.805	0.0736372601	0.125342288	0	100	731.568	0	0	3
151	474	0	1.69168519	101419.674	101419.743	101419.674	101419.802	0.0765453297	0.125342288	0	100	730.505	0	0	3
152	481	0	1.7028884	101419.671	101419.741	101419.671	101419.8	0.0794638402	0.125342288	0	100	731.49	0	0	3
153	485	0	1.71409161	101419.667	101419.738	101419.667	101419.797	0.0824219013	0.125342288	0	100	730.223	0	0	3
154	489	0	1.72529483	101419.664	101419.735	101419.664	101419.795	0.085381537	0.125342288	0	100	731.77	0	0	3
155	493	0	1.73649804	101419.661	101419.732	101419.661	101419.792	0.0883678462	0.125342288	0	100	730.933	0	0	3
156	497	0	1.74770125	101419.657	101419.729	101419.657	101419.79	0.0913630787	0.125342288	0	100	732.151	0	0	3
157	501	0	1.75890447	101419.654	101419.726	101419.654	101419.788	0.0943011408	0.125342288	0	100	730.494	0	0	3
158	505	0	1.77010768	101419.65	101419.723	101419.65	101419.786	0.0971426796	0.125342288	0	100	731.059	0	0	3
159	508	0	1.78131089	101419.646	101419.719	101419.646	101419.784	0.0998665483	0.125342288	0	100	732.605	0	0	3
160	512	0	1.79251411	101419.643	101419.716	101419.643	101419.783	0.10249452	0.125342288	0	100	731.859	0	0	3
161	517	0	1.80371732	101419.64	101419.713	101419.64	101419.78	0.10501043	0.125342288	0	100	732.086	0	0	3
162	521	0	1.81492053	101419.637	101419.71	101419.637	101419.777	0.107418717	0.125342288	0	100	729.602	0	0	3
163	526	0	1.82612375	101419.633	101419.707	101419.633	101419.775	0.109703864	0.125342288	0	100	730.703	0	0	3
164	530	0	1.83732696	101419.63	101419.704	101419.63	101419.772	0.111905586	0.125342288	0	100	731.453	0	0	3
165	533	0	1.84853017	101419.627	101419.7	101419.627	101419.769	0.113993894	0.125342288	0	100	730.318	0	0	3
