Iteration	CPUTime	PhysTime	Travels	Value	AvValue	MinValue	MaxValue	Delta	Criteria	Progress	dGMaxMin	CriteriaType	CriteriaVarType	CriteriaPercentage
1	12	0	0.0112032132	19.9770487	19.9770487	19.9770487	19.9770487	0	0	0	0	0	0	0	3
2	15	0	0.0224064263	19.9750503	19.9760495	19.9750503	19.9770487	0.000999181212	0	0	0	0	0	0	3
3	19	0	0.0336096395	19.9739179	19.975339	19.9739179	19.9770487	0.00170969774	0	0	0	0	0	0	3
4	22	0	0.0448128527	19.9729718	19.9747472	19.9729718	19.9770487	0.00230148726	0	0	0	0	0	0	3
5	25	0	0.0560160658	19.971917	19.9741811	19.971917	19.9770487	0.00286753082	0	0	0	0	0	0	3
6	28	0	0.067219279	19.9702383	19.973524	19.9702383	19.9770487	0.00352467613	0	0	0	0	0	0	3
7	32	0	0.0784224922	19.9681163	19.9727515	19.9681163	19.9770487	0.00429720296	0	0	0	0	0	0	3
8	35	0	0.0896257053	19.9660069	19.9719084	19.9660069	19.9770487	0.00514027357	0	0	0	0	0	0	3
9	38	0	0.100828918	19.9639055	19.9710192	19.9639055	19.9770487	0.00602948576	0	0	0	0	0	0	3
10	41	0	0.112032132	19.9618609	19.9701034	19.9618609	19.9770487	0.00694531607	0	0	0	0	0	0	3
11	44	0	0.123235345	19.9588014	19.9690759	19.9588014	19.9770487	0.00797277054	0	0	0	0	0	0	3
12	48	0	0.134438558	19.9557657	19.9679667	19.9557657	19.9770487	0.00908195415	0	0	0	0	0	0	3
13	51	0	0.145641771	19.9527532	19.9667965	19.9527532	19.9770487	0.0102522241	0	0	0	0	0	0	3
14	54	0	0.156844984	19.9497526	19.965579	19.9497526	19.9770487	0.011469643	0	0	0	0	0	0	3
15	57	0	0.168048197	19.9467791	19.9643257	19.9467791	19.9770487	0.0127229694	0	0	0	0	0	0	3
16	60	0	0.179251411	19.9423852	19.9629544	19.9423852	19.9770487	0.0140942505	0	0	0	0	0	0	3
17	64	0	0.190454624	19.9380754	19.961491	19.9380754	19.9770487	0.015557722	0	0	0	0	0	0	3
18	67	0	0.201657837	19.9338066	19.9599529	19.9338066	19.9770487	0.0170957397	0	0	0	0	0	0	3
19	70	0	0.21286105	19.9295627	19.9583535	19.9295627	19.9770487	0.0186952247	0	0	0	0	0	0	3
20	74	0	0.224064263	19.9253341	19.9567025	19.9253341	19.9770487	0.0203461919	0	0	0	0	0	0	3
21	78	0	0.235267476	19.9190734	19.9549106	19.9190734	19.9770487	0.0221380519	0	0	0	0	0	0	3
22	82	0	0.24647069	19.9128425	19.9529984	19.9128425	19.9770487	0.02405024	0	0	0	0	0	0	3
23	86	0	0.257673903	19.9066049	19.9509813	19.9066049	19.9770487	0.0260673521	0	0	0	0	0	0	3
24	89	0	0.268877116	19.9003374	19.9488712	19.9003374	19.9770487	0.0281775168	0	0	0	0	0	0	3
25	92	0	0.280080329	19.8940566	19.9466786	19.8940566	19.9770487	0.0303700972	0	0	0	0	0	0	3
26	96	0	0.291283542	19.884934	19.9443038	19.884934	19.9770487	0.0327448888	0	0	0	0	0	0	3
27	100	0	0.302486755	19.8761171	19.9417784	19.8761171	19.9770487	0.0352703234	0	0	0	0	0	0	3
28	103	0	0.313689969	19.8676352	19.9391304	19.8676352	19.9770487	0.0379182916	0	0	0	0	0	0	3
29	106	0	0.324893182	19.859435	19.9363823	19.859435	19.9770487	0.040666407	0	0	0	0	0	0	3
30	110	0	0.336096395	19.8517052	19.9335597	19.8517052	19.9770487	0.0434889752	0	0	0	0	0	0	3
31	113	0	0.347299608	19.8413408	19.9305849	19.8413408	19.9770487	0.0464637794	0	0	0	0	0	0	3
32	116	0	0.358502821	19.8323252	19.9275143	19.8323252	19.9770487	0.0495343952	0	0	0	0	0	0	3
33	120	0	0.369706034	19.824659	19.9243975	19.824659	19.9770487	0.0526512222	0	0	0	0	0	0	3
34	124	0	0.380909248	19.8183235	19.9212776	19.8183235	19.9770487	0.0557710456	0	0	0	0	0	0	3
35	127	0	0.392112461	19.813021	19.9181846	19.813021	19.9770487	0.0588640907	0	0	0	0	0	0	3
36	131	0	0.403315674	19.8067336	19.9150887	19.8067336	19.9770487	0.0619599521	0	0	0	0	0	0	3
37	134	0	0.414518887	19.8014384	19.9120171	19.8014384	19.9770487	0.0650315835	0	0	0	0	0	0	3
38	137	0	0.4257221	19.7966917	19.9089822	19.7966917	19.9770487	0.0680664635	0	0	0	0	0	0	3
39	140	0	0.436925313	19.7921465	19.9059864	19.7921465	19.9770487	0.0710622516	0	0	0	0	0	0	3
40	143	0	0.448128527	19.7875494	19.9030255	19.7875494	19.9770487	0.0740231764	0	0	0	0	0	0	3
41	147	0	0.45933174	19.7814172	19.9000594	19.7814172	19.9770487	0.0769892315	0	0	0	0	0	0	3
42	150	0	0.470534953	19.7760802	19.8971076	19.7760802	19.9770487	0.0799411191	0	0	0	0	0	0	3
43	153	0	0.481738166	19.771143	19.8941781	19.771143	19.9770487	0.0828705269	0	0	0	0	0	0	3
44	156	0	0.492941379	19.7670213	19.8912882	19.7670213	19.9770487	0.0857604551	0	0	0	0	0	0	3
45	159	0	0.504144592	19.7636083	19.8884509	19.7636083	19.9770487	0.0885977861	0	0	0	0	0	0	3
46	162	0	0.515347806	19.7612853	19.8836561	19.7612853	19.9750503	0.0923933474	0	0	0	0	0	0	3
47	165	0	0.526551019	19.7593553	19.8788629	19.7593553	19.9739179	0.096476053	0	0	0	0	0	0	3
48	169	0	0.537754232	19.7581343	19.8740677	19.7581343	19.9729718	0.100679455	0	0	0	0	0	0	3
49	172	0	0.548957445	19.7572133	19.8692731	19.7572133	19.971917	0.104908046	0	0	0	0	0	0	3
50	175	0	0.560160658	19.7565807	19.8644878	19.7565807	19.9702383	0.109036151	0	0	0	0	0	0	3
51	178	0	0.571363871	19.7561543	19.8597304	19.7561543	19.9681163	0.113021046	0	0	0	0	0	0	3
52	181	0	0.582567085	19.7558308	19.855013	19.7558308	19.9660069	0.116895431	0	0	0	0	0	0	3
53	184	0	0.593770298	19.7553819	19.8503324	19.7553819	19.9639055	0.120686774	0	0	0	0	0	0	3
54	187	0	0.604973511	19.7549782	19.8456896	19.7549782	19.9618609	0.124413773	0	0	0	0	0	0	3
55	189	0	0.616176724	19.7545281	19.8410822	19.7545281	19.9588014	0.127993714	0	0	0	0	0	0	3
56	192	0	0.627379937	19.754147	19.8365343	19.754147	19.9557657	0.131432406	0	0	0	0	0	0	3
57	196	0	0.63858315	19.7538224	19.8320467	19.7538224	19.9527532	0.134749764	0	0	0	0	0	0	3
58	199	0	0.649786364	19.7535884	19.8276208	19.7535884	19.9497526	0.137958231	0	0	0	0	0	0	3
59	202	0	0.660989577	19.7534781	19.8232591	19.7534781	19.9467791	0.141066559	0	0	0	0	0	0	3
60	205	0	0.67219279	19.7534372	19.8189627	19.7534372	19.9423852	0.143991765	0	0	0	0	0	0	3
61	208	0	0.683396003	19.7536297	19.8147681	19.7534372	19.9380754	0.146722861	0	0	0	0	0	0	3
62	211	0	0.694599216	19.7539989	19.8106775	19.7534372	19.9338066	0.149275432	0	0	0	0	0	0	3
63	214	0	0.705802429	19.7545763	19.8066946	19.7534372	19.9295627	0.151658844	0	0	0	0	0	0	3
64	217	0	0.717005643	19.7552259	19.8028205	19.7534372	19.9253341	0.153882027	0	0	0	0	0	0	3
65	220	0	0.728208856	19.7560993	19.7990597	19.7534372	19.9190734	0.155850941	0	0	0	0	0	0	3
66	223	0	0.739412069	19.7569984	19.795458	19.7534372	19.9128425	0.157540419	0	0	0	0	0	0	3
67	226	0	0.750615282	19.757963	19.7920163	19.7534372	19.9066049	0.153167634	0	0	0	0	0	0	3
68	229	0	0.761818495	19.7588197	19.7887321	19.7534372	19.9003374	0.146900148	0	0	0	0	0	0	3
69	232	0	0.773021708	19.7598198	19.7856095	19.7534372	19.8940566	0.140619427	0	0	0	0	0	0	3
70	235	0	0.784224922	19.7606859	19.7826457	19.7534372	19.884934	0.131496775	0	0	0	0	0	0	3
71	238	0	0.795428135	19.7616427	19.7799059	19.7534372	19.8761171	0.122679831	0	0	0	0	0	0	3
72	241	0	0.806631348	19.7623627	19.777378	19.7534372	19.8676352	0.114198021	0	0	0	0	0	0	3
73	244	0	0.817834561	19.7631713	19.7750566	19.7534372	19.859435	0.105997814	0	0	0	0	0	0	3
74	247	0	0.829037774	19.7638208	19.7729319	19.7534372	19.8517052	0.0982680005	0	0	0	0	0	0	3
75	250	0	0.840240987	19.7646009	19.7709962	19.7534372	19.8413408	0.0879035479	0	0	0	0	0	0	3
76	253	0	0.851444201	19.7651618	19.7693033	19.7534372	19.8323252	0.0788879678	0	0	0	0	0	0	3
77	256	0	0.862647414	19.765844	19.767826	19.7534372	19.824659	0.0712217665	0	0	0	0	0	0	3
78	259	0	0.873850627	19.7663019	19.7665292	19.7534372	19.8183235	0.0648862378	0	0	0	0	0	0	3
79	262	0	0.88505384	19.7669715	19.765388	19.7534372	19.813021	0.0595838266	0	0	0	0	0	0	3
80	265	0	0.896257053	19.7674539	19.7643754	19.7534372	19.8067336	0.053296352	0	0	0	0	0	0	3
81	268	0	0.907460266	19.7680838	19.7635165	19.7534372	19.8014384	0.0480011406	0	0	0	0	0	0	3
82	271	0	0.918663479	19.7685424	19.7627855	19.7534372	19.7966917	0.0432544309	0	0	0	0	0	0	3
83	274	0	0.929866693	19.769071	19.7621717	19.7534372	19.7921465	0.0387092519	0	0	0	0	0	0	3
84	277	0	0.941069906	19.7694915	19.7616683	19.7534372	19.7875494	0.0341122095	0	0	0	0	0	0	3
85	280	0	0.952273119	19.7699635	19.7612775	19.7534372	19.7814172	0.0279800201	0	0	0	0	0	0	3
86	283	0	0.963476332	19.7703483	19.7610315	19.7534372	19.7760802	0.0226429412	0	0	0	0	0	0	3
87	286	0	0.974679545	19.7707801	19.7609137	19.7534372	19.771143	0.0177057981	0	0	0	0	0	0	3
88	289	0	0.985882758	19.7710989	19.7609127	19.7534372	19.7710989	0.0176616969	0	0	0	0	0	0	3
89	292	0	0.997085972	19.7714519	19.7610112	19.7534372	19.7714519	0.0180146619	0	0	0	0	0	0	3
90	294	0	1.00828918	19.7716772	19.7611905	19.7534372	19.7716772	0.0182399566	0.00661442168	0	36.2	0	0	0	3
91	297	0	1.0194924	19.7719964	19.7614285	19.7534372	19.7719964	0.0185591787	0.00661442168	0	35.6	0	0	0	3
92	300	0	1.03069561	19.7721428	19.7617127	19.7534372	19.7721428	0.0187056017	0.00661442168	0	35.3	0	0	0	3
93	303	0	1.04189882	19.7724055	19.7620298	19.7534372	19.7724055	0.0189682944	0.00661442168	0	34.8	0	0	0	3
94	306	0	1.05310204	19.7725302	19.7623702	19.7534372	19.7725302	0.0190930256	0.00661442168	0	34.6	0	0	0	3
95	309	0	1.06430525	19.7727854	19.7627303	19.7534372	19.7727854	0.0193481807	0.00661442168	0	34.1	0	0	0	3
96	312	0	1.07550846	19.772909	19.7631026	19.7534372	19.772909	0.0194717434	0.00661442168	0	33.9	0	0	0	3
97	315	0	1.08671168	19.7731449	19.7634874	19.7534372	19.7731449	0.019707632	0.00661442168	0	33.5	0	0	0	3
98	318	0	1.09791489	19.773218	19.7638837	19.7534372	19.773218	0.0197807604	0.00661442168	0	33.4	0	0	0	3
99	321	0	1.1091181	19.7734207	19.7642936	19.7534372	19.7734207	0.0199834496	0.00661442168	0	33	0	0	0	3
100	324	0	1.12032132	19.7735064	19.7647153	19.7534372	19.7735064	0.0200692105	0.00661442168	0	32.9	0	0	0	3
101	327	0	1.13152453	19.7737268	19.7651504	19.7534372	19.7737268	0.0202896078	0.00661442168	0	32.6	0	0	0	3
102	330	0	1.14272774	19.7738231	19.7655949	19.7534372	19.7738231	0.0203858474	0.00661442168	0	32.4	0	0	0	3
103	333	0	1.15393096	19.7740395	19.7660494	19.7534372	19.7740395	0.0206023023	0.00661442168	0	32.1	0	0	0	3
104	336	0	1.16513417	19.7741352	19.7665084	19.7534372	19.7741352	0.0206979939	0.00661442168	0	31.9	0	0	0	3
105	339	0	1.17633738	19.7743556	19.7669733	19.7536297	19.7743556	0.0207259628	0.00661442168	0	31.9	0	0	0	3
106	342	0	1.1875406	19.7744364	19.7674356	19.7539989	19.7744364	0.020437474	0.00661442168	0	32.3	0	0	0	3
107	345	0	1.19874381	19.7746688	19.767895	19.7545763	19.7746688	0.0200924975	0.00661442168	0	32.9	0	0	0	3
108	348	0	1.20994702	19.7747285	19.7683428	19.7552259	19.7747285	0.0195025871	0.00661442168	0	33.9	0	0	0	3
109	351	0	1.22115023	19.7749811	19.7687818	19.7560993	19.7749811	0.0188817685	0.00661442168	0	35	0	0	0	3
110	354	0	1.23235345	19.7750387	19.7692027	19.7569984	19.7750387	0.018040277	0.00661442168	0	36.6	0	0	0	3
111	356	0	1.24355666	19.7752708	19.7696087	19.757963	19.7752708	0.0173078147	0.00661442168	0	38.2	0	0	0	3
112	359	0	1.25475987	19.7753289	19.7699946	19.7588197	19.7753289	0.0165092627	0.00661442168	0	40	0	0	0	3
113	362	0	1.26596309	19.7755586	19.7703666	19.7598198	19.7755586	0.015738771	0.00661442168	0	42	0	0	0	3
114	365	0	1.2771663	19.775611	19.7707175	19.7606859	19.775611	0.0149251049	0.00661442168	0	44.3	0	0	0	3
115	368	0	1.28836951	19.7758219	19.7710539	19.7616427	19.7758219	0.0141791628	0.00661442168	0	46.6	0	0	0	3
116	371	0	1.29957273	19.7758519	19.7713696	19.7623627	19.7758519	0.0134892926	0.00661442168	0	49	0	0	0	3
117	374	0	1.31077594	19.7760311	19.7716734	19.7631713	19.7760311	0.0128598312	0.00661442168	0	51.4	0	0	0	3
118	377	0	1.32197915	19.7760297	19.7719591	19.7638208	19.7760311	0.0120191371	0.00661442168	0	55	0	0	0	3
119	380	0	1.33318237	19.7761932	19.7722341	19.7646009	19.7761932	0.0113213331	0.00661442168	0	58.4	0	0	0	3
120	383	0	1.34438558	19.7761985	19.7724918	19.7651618	19.7761985	0.0110367367	0.00661442168	0	59.9	0	0	0	3
121	385	0	1.35558879	19.7763618	19.7727407	19.765844	19.7763618	0.0105178048	0.00661442168	0	62.8	0	0	0	3
122	388	0	1.36679201	19.7763647	19.7729745	19.7663019	19.7763647	0.0100627737	0.00661442168	0	65.7	0	0	0	3
123	391	0	1.37799522	19.7765149	19.7732014	19.7669715	19.7765149	0.00954347789	0.00661442168	0	69.3	0	0	0	3
124	394	0	1.38919843	19.7765109	19.7734134	19.7674539	19.7765149	0.00906101102	0.00661442168	0	72.9	0	0	0	3
125	397	0	1.40040165	19.7766307	19.7736173	19.7680838	19.7766307	0.00854686472	0.00661442168	0	77.3	0	0	0	3
126	400	0	1.41160486	19.7766055	19.7738067	19.7685424	19.7766307	0.00808826155	0.00661442168	0	81.7	0	0	0	3
127	403	0	1.42280807	19.7767086	19.7739882	19.769071	19.7767086	0.00763751672	0.00661442168	0	86.6	0	0	0	3
128	406	0	1.43401129	19.7766968	19.7741576	19.7694915	19.7767086	0.00721709704	0.00661442168	0	91.6	0	0	0	3
129	409	0	1.4452145	19.7767787	19.7743196	19.7699635	19.7767787	0.00681526136	0.00661442168	0	97	0	0	0	3
130	412	0	1.45641771	19.7767815	19.7744711	19.7703483	19.7767815	0.00643326979	0.00661442168	0	100	0	0	0	3
131	415	0	1.46762092	19.7768322	19.7746152	19.7707801	19.7768322	0.0060521136	0.00661442168	0	100	0	0	0	3
132	418	0	1.47882414	19.7768326	19.7747497	19.7710989	19.7768326	0.00573367893	0.00661442168	0	100	0	0	0	3
133	421	0	1.49002735	19.7768904	19.7748784	19.7714519	19.7768904	0.00543850737	0.00661442168	0	100	0	0	0	3
134	424	0	1.50123056	19.7768798	19.774999	19.7716772	19.7768904	0.00521321267	0.00661442168	0	100	0	0	0	3
135	427	0	1.51243378	19.7769482	19.7751161	19.7719964	19.7769482	0.00495175844	0.00661442168	0	100	0	0	0	3
136	430	0	1.52363699	19.7769578	19.7752264	19.7721428	19.7769578	0.00481493487	0.00661442168	0	100	0	0	0	3
137	432	0	1.5348402	19.7769991	19.7753343	19.7724055	19.7769991	0.00459360002	0.00661442168	0	100	0	0	0	3
138	435	0	1.54604342	19.7769981	19.7754364	19.7725302	19.7769991	0.00446886882	0.00661442168	0	100	0	0	0	3
139	438	0	1.55724663	19.7770358	19.7755365	19.7727854	19.7770358	0.00425043832	0.00661442168	0	100	0	0	0	3
140	441	0	1.56844984	19.7770135	19.7756304	19.772909	19.7770358	0.00412687555	0.00661442168	0	100	0	0	0	3
141	444	0	1.57965306	19.7770513	19.7757225	19.7731449	19.7770513	0.00390643007	0.00661442168	0	100	0	0	0	3
142	447	0	1.59085627	19.7770352	19.7758089	19.773218	19.7770513	0.00383330168	0.00661442168	0	100	0	0	0	3
143	450	0	1.60205948	19.7770736	19.7758946	19.7734207	19.7770736	0.00365290634	0.00661442168	0	100	0	0	0	3
144	453	0	1.6132627	19.7770676	19.7759757	19.7735064	19.7770736	0.00356714545	0.00661442168	0	100	0	0	0	3
145	456	0	1.62446591	19.7771206	19.776056	19.7737268	19.7771206	0.00339373851	0.00661442168	0	100	0	0	0	3
146	459	0	1.63566912	19.7771121	19.7761312	19.7738231	19.7771206	0.00329749896	0.00661442168	0	100	0	0	0	3
147	462	0	1.64687234	19.7771476	19.7762051	19.7740395	19.7771476	0.00310804337	0.00661442168	0	100	0	0	0	3
148	465	0	1.65807555	19.7771337	19.7762739	19.7741352	19.7771476	0.00301235181	0.00661442168	0	100	0	0	0	3
149	468	0	1.66927876	19.7771585	19.776341	19.7743556	19.7771585	0.00280289197	0.00661442168	0	100	0	0	0	3
150	471	0	1.68048197	19.777118	19.7764024	19.7744364	19.7771585	0.00272215503	0.00661442168	0	100	0	0	0	3
151	474	0	1.69168519	19.7771499	19.7764627	19.7746688	19.7771585	0.00248972799	0.00661442168	0	100	0	0	0	3
152	481	0	1.7028884	19.7771326	19.7765175	19.7747285	19.7771585	0.00242999231	0.00661442168	0	100	0	0	0	3
153	485	0	1.71409161	19.7771666	19.7765717	19.7749811	19.7771666	0.00218551763	0.00661442168	0	100	0	0	0	3
154	489	0	1.72529483	19.7771569	19.77662	19.7750387	19.7771666	0.002127863	0.00661442168	0	100	0	0	0	3
155	493	0	1.73649804	19.7771825	19.7766676	19.7752708	19.7771825	0.00191163486	0.00661442168	0	100	0	0	0	3
156	497	0	1.74770125	19.7771485	19.7767094	19.7753289	19.7771825	0.00185352833	0.00661442168	0	100	0	0	0	3
157	501	0	1.75890447	19.7771761	19.7767504	19.7755586	19.7771825	0.00162388918	0.00661442168	0	100	0	0	0	3
158	505	0	1.77010768	19.7771634	19.7767861	19.775611	19.7771825	0.00157147332	0.00661442168	0	100	0	0	0	3
159	508	0	1.78131089	19.7772006	19.7768214	19.7758219	19.7772006	0.00137869761	0.00661442168	0	100	0	0	0	3
160	512	0	1.79251411	19.7771858	19.7768517	19.7758519	19.7772006	0.00134866047	0.00661442168	0	100	0	0	0	3
161	517	0	1.80371732	19.7772047	19.7768818	19.7760297	19.7772047	0.00117502769	0.00661442168	0	100	0	0	0	3
162	521	0	1.81492053	19.7771794	19.7769073	19.7760297	19.7772047	0.00117502769	0.00661442168	0	100	0	0	0	3
163	526	0	1.82612375	19.777228	19.7769339	19.7761932	19.777228	0.0010348528	0.00661442168	0	100	0	0	0	3
164	530	0	1.83732696	19.7772161	19.7769567	19.7761985	19.777228	0.00102951806	0.00661442168	0	100	0	0	0	3
165	533	0	1.84853017	19.7772588	19.7769802	19.7763618	19.7772588	0.00089694357	0.00661442168	0	100	0	0	0	3
