Iteration	CPUTime	PhysTime	Travels	Value	AvValue	MinValue	MaxValue	Delta	Criteria	Progress	dGMaxMin	CriteriaType	CriteriaVarType	CriteriaPercentage
1	12	0	0.0112032132	15930.3929	15930.3929	15930.3929	15930.3929	0	0	0	0	0	0	0	3
2	15	0	0.0224064263	5560.04816	10745.2205	5560.04816	15930.3929	5185.17235	0	0	0	0	0	0	3
3	19	0	0.0336096395	-336.970347	7051.15689	-336.970347	15930.3929	8879.23597	0	0	0	0	0	0	3
4	22	0	0.0448128527	433.171847	5396.66063	-336.970347	15930.3929	10533.7322	0	0	0	0	0	0	3
5	25	0	0.0560160658	-93.0755507	4298.7134	-336.970347	15930.3929	11631.6795	0	0	0	0	0	0	3
6	28	0	0.067219279	153.578791	3607.85763	-336.970347	15930.3929	12322.5352	0	0	0	0	0	0	3
7	32	0	0.0784224922	-409.340075	3033.97224	-409.340075	15930.3929	12896.4206	0	0	0	0	0	0	3
8	35	0	0.0896257053	-171.400738	2633.30062	-409.340075	15930.3929	13297.0922	0	0	0	0	0	0	3
9	38	0	0.100828918	-281.376681	2309.44759	-409.340075	15930.3929	13620.9453	0	0	0	0	0	0	3
10	41	0	0.112032132	-189.358445	2059.56698	-409.340075	15930.3929	13870.8259	0	0	0	0	0	0	3
11	44	0	0.123235345	-268.093458	1847.96149	-409.340075	15930.3929	14082.4314	0	0	0	0	0	0	3
12	48	0	0.134438558	-310.770306	1668.06717	-409.340075	15930.3929	14262.3257	0	0	0	0	0	0	3
13	51	0	0.145641771	-310.422843	1515.87563	-409.340075	15930.3929	14414.5172	0	0	0	0	0	0	3
14	54	0	0.156844984	-368.369988	1381.28666	-409.340075	15930.3929	14549.1062	0	0	0	0	0	0	3
15	57	0	0.168048197	-458.494068	1258.63461	-458.494068	15930.3929	14671.7583	0	0	0	0	0	0	3
16	60	0	0.179251411	-579.050923	1143.77927	-579.050923	15930.3929	14786.6136	0	0	0	0	0	0	3
17	64	0	0.190454624	-690.961786	1035.85332	-690.961786	15930.3929	14894.5395	0	0	0	0	0	0	3
18	67	0	0.201657837	-817.060152	932.913684	-817.060152	15930.3929	14997.4792	0	0	0	0	0	0	3
19	70	0	0.21286105	-1005.80609	830.875801	-1005.80609	15930.3929	15099.5171	0	0	0	0	0	0	3
20	74	0	0.224064263	-1180.20694	730.321664	-1180.20694	15930.3929	15200.0712	0	0	0	0	0	0	3
21	78	0	0.235267476	-1357.10305	630.920487	-1357.10305	15930.3929	15299.4724	0	0	0	0	0	0	3
22	82	0	0.24647069	-1598.15069	529.599069	-1598.15069	15930.3929	15400.7938	0	0	0	0	0	0	3
23	86	0	0.257673903	-1828.17045	427.087351	-1828.17045	15930.3929	15503.3055	0	0	0	0	0	0	3
24	89	0	0.268877116	-2047.52795	323.97838	-2047.52795	15930.3929	15606.4145	0	0	0	0	0	0	3
25	92	0	0.280080329	-2238.72435	221.470271	-2238.72435	15930.3929	15708.9226	0	0	0	0	0	0	3
26	96	0	0.291283542	-2399.89389	120.648573	-2399.89389	15930.3929	15809.7443	0	0	0	0	0	0	3
27	100	0	0.302486755	-2535.48597	22.2732194	-2535.48597	15930.3929	15908.1196	0	0	0	0	0	0	3
28	103	0	0.313689969	-2606.71079	-71.6190669	-2606.71079	15930.3929	16002.0119	0	0	0	0	0	0	3
29	106	0	0.324893182	-2581.65113	-158.171897	-2606.71079	15930.3929	16088.5648	0	0	0	0	0	0	3
30	110	0	0.336096395	-2489.66513	-235.888338	-2606.71079	15930.3929	16166.2812	0	0	0	0	0	0	3
31	113	0	0.347299608	-2374.5496	-304.877411	-2606.71079	15930.3929	16235.2703	0	0	0	0	0	0	3
32	116	0	0.358502821	-2207.81868	-364.344326	-2606.71079	15930.3929	16294.7372	0	0	0	0	0	0	3
33	120	0	0.369706034	-2017.14751	-414.42927	-2606.71079	15930.3929	16344.8221	0	0	0	0	0	0	3
34	124	0	0.380909248	-1832.70483	-456.143258	-2606.71079	15930.3929	16386.5361	0	0	0	0	0	0	3
35	127	0	0.392112461	-1678.51494	-491.068163	-2606.71079	15930.3929	16421.461	0	0	0	0	0	0	3
36	131	0	0.403315674	-1600.72031	-521.891833	-2606.71079	15930.3929	16452.2847	0	0	0	0	0	0	3
37	134	0	0.414518887	-1571.64395	-550.263512	-2606.71079	15930.3929	16480.6564	0	0	0	0	0	0	3
38	137	0	0.4257221	-1598.58641	-577.850957	-2606.71079	15930.3929	16508.2438	0	0	0	0	0	0	3
39	140	0	0.436925313	-1652.17095	-605.397623	-2606.71079	15930.3929	16535.7905	0	0	0	0	0	0	3
40	143	0	0.448128527	-1713.93172	-633.110976	-2606.71079	15930.3929	16563.5038	0	0	0	0	0	0	3
41	147	0	0.45933174	-1768.56456	-660.804966	-2606.71079	15930.3929	16591.1978	0	0	0	0	0	0	3
42	150	0	0.470534953	-1829.00907	-688.619349	-2606.71079	15930.3929	16619.0122	0	0	0	0	0	0	3
43	153	0	0.481738166	-1891.48018	-716.592857	-2606.71079	15930.3929	16646.9857	0	0	0	0	0	0	3
44	156	0	0.492941379	-1949.51267	-744.613762	-2606.71079	15930.3929	16675.0066	0	0	0	0	0	0	3
45	159	0	0.504144592	-1995.02002	-772.400567	-2606.71079	15930.3929	16702.7934	0	0	0	0	0	0	3
46	162	0	0.515347806	-2029.4237	-1171.5076	-2606.71079	5560.04816	8166.75896	0	0	0	0	0	0	3
47	165	0	0.526551019	-2049.5528	-1340.60985	-2606.71079	433.171847	3039.88264	0	0	0	0	0	0	3
48	169	0	0.537754232	-2056.40273	-1378.81945	-2606.71079	433.171847	3039.88264	0	0	0	0	0	0	3
49	172	0	0.548957445	-2047.61234	-1433.94799	-2606.71079	153.578791	2760.28959	0	0	0	0	0	0	3
50	175	0	0.560160658	-2035.78905	-1477.1194	-2606.71079	153.578791	2760.28959	0	0	0	0	0	0	3
51	178	0	0.571363871	-2024.01511	-1525.51038	-2606.71079	-171.400738	2435.31006	0	0	0	0	0	0	3
52	181	0	0.582567085	-2008.74504	-1561.05271	-2606.71079	-171.400738	2435.31006	0	0	0	0	0	0	3
53	184	0	0.593770298	-1993.22722	-1601.53774	-2606.71079	-189.358445	2417.35235	0	0	0	0	0	0	3
54	187	0	0.604973511	-1979.37342	-1639.271	-2606.71079	-189.358445	2417.35235	0	0	0	0	0	0	3
55	189	0	0.616176724	-1966.3317	-1678.7593	-2606.71079	-268.093458	2338.61734	0	0	0	0	0	0	3
56	192	0	0.627379937	-1956.77353	-1716.28552	-2606.71079	-310.422843	2296.28795	0	0	0	0	0	0	3
57	196	0	0.63858315	-1950.62692	-1752.72678	-2606.71079	-310.422843	2296.28795	0	0	0	0	0	0	3
58	199	0	0.649786364	-1946.97356	-1789.09457	-2606.71079	-368.369988	2238.34081	0	0	0	0	0	0	3
59	202	0	0.660989577	-1941.51105	-1824.05327	-2606.71079	-458.494068	2148.21673	0	0	0	0	0	0	3
60	205	0	0.67219279	-1940.89119	-1856.99542	-2606.71079	-579.050923	2027.65987	0	0	0	0	0	0	3
61	208	0	0.683396003	-1939.00705	-1887.21667	-2606.71079	-690.961786	1915.74901	0	0	0	0	0	0	3
62	211	0	0.694599216	-1941.59647	-1915.00855	-2606.71079	-817.060152	1789.65064	0	0	0	0	0	0	3
63	214	0	0.705802429	-1944.73748	-1940.06805	-2606.71079	-1005.80609	1600.9047	0	0	0	0	0	0	3
64	217	0	0.717005643	-1948.77437	-1961.0229	-2606.71079	-1180.20694	1426.50385	0	0	0	0	0	0	3
65	220	0	0.728208856	-1943.67571	-1977.98887	-2606.71079	-1357.10305	1249.60774	0	0	0	0	0	0	3
66	223	0	0.739412069	-1943.87048	-1991.02815	-2606.71079	-1571.64395	1035.06684	0	0	0	0	0	0	3
67	226	0	0.750615282	-1944.67744	-1998.72874	-2606.71079	-1571.64395	1035.06684	0	0	0	0	0	0	3
68	229	0	0.761818495	-1947.67414	-2001.38438	-2606.71079	-1571.64395	1035.06684	0	0	0	0	0	0	3
69	232	0	0.773021708	-1950.08318	-1999.21894	-2606.71079	-1571.64395	1035.06684	0	0	0	0	0	0	3
70	235	0	0.784224922	-1954.19581	-1992.89608	-2606.71079	-1571.64395	1035.06684	0	0	0	0	0	0	3
71	238	0	0.795428135	-1957.1058	-1983.05635	-2606.71079	-1571.64395	1035.06684	0	0	0	0	0	0	3
72	241	0	0.806631348	-1961.4922	-1970.30093	-2606.71079	-1571.64395	1035.06684	0	0	0	0	0	0	3
73	244	0	0.817834561	-1964.92258	-1956.03897	-2581.65113	-1571.64395	1010.00718	0	0	0	0	0	0	3
74	247	0	0.829037774	-1969.64779	-1942.4389	-2489.66513	-1571.64395	918.021181	0	0	0	0	0	0	3
75	250	0	0.840240987	-1974.20709	-1930.98427	-2374.5496	-1571.64395	802.905652	0	0	0	0	0	0	3
76	253	0	0.851444201	-1977.39762	-1922.15867	-2207.81868	-1571.64395	636.174731	0	0	0	0	0	0	3
77	256	0	0.862647414	-1976.79588	-1917.02483	-2056.40273	-1571.64395	484.758781	0	0	0	0	0	0	3
78	259	0	0.873850627	-1978.65036	-1916.16934	-2056.40273	-1571.64395	484.758781	0	0	0	0	0	0	3
79	262	0	0.88505384	-1975.61735	-1919.34518	-2056.40273	-1571.64395	484.758781	0	0	0	0	0	0	3
80	265	0	0.896257053	-1975.57381	-1925.94648	-2056.40273	-1571.64395	484.758781	0	0	0	0	0	0	3
81	268	0	0.907460266	-1975.51338	-1934.27522	-2056.40273	-1571.64395	484.758781	0	0	0	0	0	0	3
82	271	0	0.918663479	-1973.31152	-1943.20117	-2056.40273	-1598.58641	457.816324	0	0	0	0	0	0	3
83	274	0	0.929866693	-1967.31728	-1951.39519	-2056.40273	-1652.17095	404.231783	0	0	0	0	0	0	3
84	277	0	0.941069906	-1964.89998	-1958.34472	-2056.40273	-1713.93172	342.471015	0	0	0	0	0	0	3
85	280	0	0.952273119	-1960.93338	-1963.83364	-2056.40273	-1768.56456	287.83817	0	0	0	0	0	0	3
86	283	0	0.963476332	-1956.58593	-1968.0119	-2056.40273	-1829.00907	227.39366	0	0	0	0	0	0	3
87	286	0	0.974679545	-1953.18745	-1970.77142	-2056.40273	-1891.48018	164.922557	0	0	0	0	0	0	3
88	289	0	0.985882758	-1949.77166	-1972.06678	-2056.40273	-1939.00705	117.395686	0	0	0	0	0	0	3
89	292	0	0.997085972	-1946.27377	-1971.99481	-2056.40273	-1939.00705	117.395686	0	0	0	0	0	0	3
90	294	0	1.00828918	-1944.35639	-1970.86895	-2056.40273	-1939.00705	117.395686	91.1964793	0	77.6	0	0	0	3
91	297	0	1.0194924	-1940.49179	-1968.89268	-2056.40273	-1939.00705	117.395686	91.1964793	0	77.6	0	0	0	3
92	300	0	1.03069561	-1937.53733	-1966.40345	-2056.40273	-1937.53733	118.865402	91.1964793	0	76.7	0	0	0	3
93	303	0	1.04189882	-1933.76803	-1963.67824	-2047.61234	-1933.76803	113.844311	91.1964793	0	80.1	0	0	0	3
94	306	0	1.05310204	-1934.37451	-1961.16184	-2035.78905	-1933.76803	102.021021	91.1964793	0	89.3	0	0	0	3
95	309	0	1.06430525	-1932.07829	-1958.85716	-2024.01511	-1932.07829	91.9368227	91.1964793	0	99.1	0	0	0	3
96	312	0	1.07550846	-1929.87525	-1956.76516	-2008.74504	-1929.87525	78.869785	91.1964793	0	100	0	0	0	3
97	315	0	1.08671168	-1927.34132	-1954.95619	-1993.22722	-1927.34132	65.8858971	91.1964793	0	100	0	0	0	3
98	318	0	1.09791489	-1925.84534	-1953.45881	-1979.37342	-1925.84534	53.5280791	91.1964793	0	100	0	0	0	3
99	321	0	1.1091181	-1924.84396	-1952.24705	-1978.65036	-1924.84396	53.8063993	91.1964793	0	100	0	0	0	3
100	324	0	1.12032132	-1926.7711	-1951.36792	-1978.65036	-1924.84396	53.8063993	91.1964793	0	100	0	0	0	3
101	327	0	1.13152453	-1925.49826	-1950.67292	-1978.65036	-1924.84396	53.8063993	91.1964793	0	100	0	0	0	3
102	330	0	1.14272774	-1926.76015	-1950.14254	-1978.65036	-1924.84396	53.8063993	91.1964793	0	100	0	0	0	3
103	333	0	1.15393096	-1926.92786	-1949.69708	-1978.65036	-1924.84396	53.8063993	91.1964793	0	100	0	0	0	3
104	336	0	1.16513417	-1927.63075	-1949.38863	-1978.65036	-1924.84396	53.8063993	91.1964793	0	100	0	0	0	3
105	339	0	1.17633738	-1923.11351	-1948.99357	-1978.65036	-1923.11351	55.5368513	91.1964793	0	100	0	0	0	3
106	342	0	1.1875406	-1923.71039	-1948.65365	-1978.65036	-1923.11351	55.5368513	91.1964793	0	100	0	0	0	3
107	345	0	1.19874381	-1923.45839	-1948.25058	-1978.65036	-1923.11351	55.5368513	91.1964793	0	100	0	0	0	3
108	348	0	1.20994702	-1924.79465	-1947.80741	-1978.65036	-1923.11351	55.5368513	91.1964793	0	100	0	0	0	3
109	351	0	1.22115023	-1924.85116	-1947.27578	-1978.65036	-1923.11351	55.5368513	91.1964793	0	100	0	0	0	3
110	354	0	1.23235345	-1925.37093	-1946.86901	-1978.65036	-1923.11351	55.5368513	91.1964793	0	100	0	0	0	3
111	356	0	1.24355666	-1925.29253	-1946.45616	-1978.65036	-1923.11351	55.5368513	91.1964793	0	100	0	0	0	3
112	359	0	1.25475987	-1926.30518	-1946.04789	-1978.65036	-1923.11351	55.5368513	91.1964793	0	100	0	0	0	3
113	362	0	1.26596309	-1925.94739	-1945.56507	-1978.65036	-1923.11351	55.5368513	91.1964793	0	100	0	0	0	3
114	365	0	1.2771663	-1926.52265	-1945.04151	-1978.65036	-1923.11351	55.5368513	91.1964793	0	100	0	0	0	3
115	368	0	1.28836951	-1927.33391	-1944.44458	-1978.65036	-1923.11351	55.5368513	91.1964793	0	100	0	0	0	3
116	371	0	1.29957273	-1927.68424	-1943.79076	-1978.65036	-1923.11351	55.5368513	91.1964793	0	100	0	0	0	3
117	374	0	1.31077594	-1925.25138	-1942.98541	-1978.65036	-1923.11351	55.5368513	91.1964793	0	100	0	0	0	3
118	377	0	1.32197915	-1923.55481	-1942.06613	-1978.65036	-1923.11351	55.5368513	91.1964793	0	100	0	0	0	3
119	380	0	1.33318237	-1921.73747	-1941.00145	-1978.65036	-1921.73747	55.8974406	91.1964793	0	100	0	0	0	3
120	383	0	1.34438558	-1922.9967	-1939.86344	-1978.65036	-1921.73747	55.8974406	91.1964793	0	100	0	0	0	3
121	385	0	1.35558879	-1921.23579	-1938.6154	-1978.65036	-1921.23579	55.8974406	91.1964793	0	100	0	0	0	3
122	388	0	1.36679201	-1921.52377	-1937.38713	-1978.65036	-1921.23579	55.8974406	91.1964793	0	100	0	0	0	3
123	391	0	1.37799522	-1920.31668	-1936.09083	-1975.61735	-1920.31668	52.7216069	91.1964793	0	100	0	0	0	3
124	394	0	1.38919843	-1922.10832	-1934.90174	-1975.57381	-1920.31668	46.1202987	91.1964793	0	100	0	0	0	3
125	397	0	1.40040165	-1922.67538	-1933.72622	-1975.51338	-1920.31668	38.3405631	91.1964793	0	100	0	0	0	3
126	400	0	1.41160486	-1923.85128	-1932.57817	-1973.31152	-1920.31668	39.4886098	91.1964793	0	100	0	0	0	3
127	403	0	1.42280807	-1920.15852	-1931.397	-1967.31728	-1920.15852	40.6697876	91.1964793	0	100	0	0	0	3
128	406	0	1.43401129	-1920.66275	-1930.36023	-1964.89998	-1920.15852	41.7065549	91.1964793	0	100	0	0	0	3
129	409	0	1.4452145	-1919.92014	-1929.36068	-1960.93338	-1919.92014	41.0132425	91.1964793	0	100	0	0	0	3
130	412	0	1.45641771	-1919.24375	-1928.43424	-1956.58593	-1919.24375	37.3421791	91.1964793	0	100	0	0	0	3
131	415	0	1.46762092	-1919.40574	-1927.60801	-1953.18745	-1919.24375	33.9437082	91.1964793	0	100	0	0	0	3
132	418	0	1.47882414	-1919.6403	-1926.86252	-1949.77166	-1919.24375	30.5279182	91.1964793	0	100	0	0	0	3
133	421	0	1.49002735	-1918.77053	-1926.17361	-1946.27377	-1918.77053	27.5032319	91.1964793	0	100	0	0	0	3
134	424	0	1.50123056	-1918.86917	-1925.56462	-1944.35639	-1918.77053	25.5858593	91.1964793	0	100	0	0	0	3
135	427	0	1.51243378	-1918.88828	-1924.99866	-1940.49179	-1918.77053	21.7212517	91.1964793	0	100	0	0	0	3
136	430	0	1.52363699	-1919.69276	-1924.53646	-1937.53733	-1918.77053	18.7667957	91.1964793	0	100	0	0	0	3
137	432	0	1.5348402	-1918.67029	-1924.11719	-1934.37451	-1918.67029	15.7042138	91.1964793	0	100	0	0	0	3
138	435	0	1.54604342	-1917.01856	-1923.74498	-1934.37451	-1917.01856	17.3559446	91.1964793	0	100	0	0	0	3
139	438	0	1.55724663	-1915.39012	-1923.3231	-1932.07829	-1915.39012	16.6881725	91.1964793	0	100	0	0	0	3
140	441	0	1.56844984	-1915.97904	-1922.96534	-1929.87525	-1915.39012	14.4851352	91.1964793	0	100	0	0	0	3
141	444	0	1.57965306	-1916.67278	-1922.67196	-1927.68424	-1915.39012	12.294129	91.1964793	0	100	0	0	0	3
142	447	0	1.59085627	-1917.02531	-1922.44271	-1927.68424	-1915.39012	12.294129	91.1964793	0	100	0	0	0	3
143	450	0	1.60205948	-1917.71724	-1922.26209	-1927.68424	-1915.39012	12.294129	91.1964793	0	100	0	0	0	3
144	453	0	1.6132627	-1917.89068	-1922.10757	-1927.68424	-1915.39012	12.294129	91.1964793	0	100	0	0	0	3
145	456	0	1.62446591	-1918.32464	-1921.91987	-1927.68424	-1915.39012	12.294129	91.1964793	0	100	0	0	0	3
146	459	0	1.63566912	-1919.7788	-1921.79277	-1927.68424	-1915.39012	12.294129	91.1964793	0	100	0	0	0	3
147	462	0	1.64687234	-1920.26452	-1921.64842	-1927.68424	-1915.39012	12.294129	91.1964793	0	100	0	0	0	3
148	465	0	1.65807555	-1918.22083	-1921.45493	-1927.68424	-1915.39012	12.294129	91.1964793	0	100	0	0	0	3
149	468	0	1.66927876	-1917.91654	-1921.23906	-1927.68424	-1915.39012	12.294129	91.1964793	0	100	0	0	0	3
150	471	0	1.68048197	-1918.64973	-1921.13987	-1927.68424	-1915.39012	12.294129	91.1964793	0	100	0	0	0	3
151	474	0	1.69168519	-1918.12384	-1921.01572	-1927.68424	-1915.39012	12.294129	91.1964793	0	100	0	0	0	3
152	481	0	1.7028884	-1917.94979	-1920.89331	-1927.68424	-1915.39012	12.294129	91.1964793	0	100	0	0	0	3
153	485	0	1.71409161	-1917.63142	-1920.73413	-1927.68424	-1915.39012	12.294129	91.1964793	0	100	0	0	0	3
154	489	0	1.72529483	-1918.27829	-1920.58806	-1927.68424	-1915.39012	12.294129	91.1964793	0	100	0	0	0	3
155	493	0	1.73649804	-1918.09699	-1920.42642	-1927.68424	-1915.39012	12.294129	91.1964793	0	100	0	0	0	3
156	497	0	1.74770125	-1918.74691	-1920.28096	-1927.68424	-1915.39012	12.294129	91.1964793	0	100	0	0	0	3
157	501	0	1.75890447	-1920.3638	-1920.14893	-1927.68424	-1915.39012	12.294129	91.1964793	0	100	0	0	0	3
158	505	0	1.77010768	-1920.69905	-1920.0323	-1927.68424	-1915.39012	12.294129	91.1964793	0	100	0	0	0	3
159	508	0	1.78131089	-1919.39734	-1919.87396	-1927.68424	-1915.39012	12.294129	91.1964793	0	100	0	0	0	3
160	512	0	1.79251411	-1917.77373	-1919.66151	-1927.68424	-1915.39012	12.294129	91.1964793	0	100	0	0	0	3
161	517	0	1.80371732	-1917.31828	-1919.43116	-1925.25138	-1915.39012	9.86126718	91.1964793	0	100	0	0	0	3
162	521	0	1.81492053	-1918.16941	-1919.27378	-1923.85128	-1915.39012	8.46116302	91.1964793	0	100	0	0	0	3
163	526	0	1.82612375	-1917.87551	-1919.14757	-1923.85128	-1915.39012	8.46116302	91.1964793	0	100	0	0	0	3
164	530	0	1.83732696	-1918.50092	-1919.07565	-1923.85128	-1915.39012	8.46116302	91.1964793	0	100	0	0	0	3
165	533	0	1.84853017	-1917.58673	-1918.95543	-1923.85128	-1915.39012	8.46116302	91.1964793	0	100	0	0	0	3
