Iteration	CPUTime	PhysTime	Travels	Value	AvValue	MinValue	MaxValue	Delta	Criteria	Progress	dGMaxMin	CriteriaType	CriteriaVarType	CriteriaPercentage
1	12	0	0.0112032132	298207.725	298207.725	298207.725	298207.725	0	0	0	0	0	0	0	3
2	15	0	0.0224064263	79931.5347	189069.63	79931.5347	298207.725	109138.095	0	0	0	0	0	0	3
3	19	0	0.0336096395	15946.9937	131362.084	15946.9937	298207.725	166845.641	0	0	0	0	0	0	3
4	22	0	0.0448128527	11351.6099	101359.466	11351.6099	298207.725	196848.259	0	0	0	0	0	0	3
5	25	0	0.0560160658	10679.296	83223.4319	10679.296	298207.725	214984.293	0	0	0	0	0	0	3
6	28	0	0.067219279	10274.2974	71065.2428	10274.2974	298207.725	227142.482	0	0	0	0	0	0	3
7	32	0	0.0784224922	10391.9859	62397.6347	10274.2974	298207.725	235810.091	0	0	0	0	0	0	3
8	35	0	0.0896257053	9648.59371	55804.0045	9648.59371	298207.725	242403.721	0	0	0	0	0	0	3
9	38	0	0.100828918	9205.24884	50626.365	9205.24884	298207.725	247581.36	0	0	0	0	0	0	3
10	41	0	0.112032132	8667.84374	46430.5129	8667.84374	298207.725	251777.212	0	0	0	0	0	0	3
11	44	0	0.123235345	8230.61866	42957.7952	8230.61866	298207.725	255249.93	0	0	0	0	0	0	3
12	48	0	0.134438558	7920.77574	40038.0436	7920.77574	298207.725	258169.682	0	0	0	0	0	0	3
13	51	0	0.145641771	7627.5049	37544.9252	7627.5049	298207.725	260662.8	0	0	0	0	0	0	3
14	54	0	0.156844984	7432.5558	35394.0417	7432.5558	298207.725	262813.683	0	0	0	0	0	0	3
15	57	0	0.168048197	7203.6573	33514.6828	7203.6573	298207.725	264693.042	0	0	0	0	0	0	3
16	60	0	0.179251411	7075.12448	31862.2104	7075.12448	298207.725	266345.515	0	0	0	0	0	0	3
17	64	0	0.190454624	6894.55047	30393.5245	6894.55047	298207.725	267814.201	0	0	0	0	0	0	3
18	67	0	0.201657837	6731.3498	29078.9592	6731.3498	298207.725	269128.766	0	0	0	0	0	0	3
19	70	0	0.21286105	6612.48316	27896.5131	6612.48316	298207.725	270311.212	0	0	0	0	0	0	3
20	74	0	0.224064263	6542.18802	26828.7969	6542.18802	298207.725	271378.928	0	0	0	0	0	0	3
21	78	0	0.235267476	6480.41845	25859.8265	6480.41845	298207.725	272347.899	0	0	0	0	0	0	3
22	82	0	0.24647069	6467.32302	24978.349	6467.32302	298207.725	273229.376	0	0	0	0	0	0	3
23	86	0	0.257673903	6459.76022	24173.193	6459.76022	298207.725	274034.532	0	0	0	0	0	0	3
24	89	0	0.268877116	6481.38252	23436.0342	6459.76022	298207.725	274771.691	0	0	0	0	0	0	3
25	92	0	0.280080329	6496.31514	22758.4455	6459.76022	298207.725	275449.28	0	0	0	0	0	0	3
26	96	0	0.291283542	6521.69863	22133.9552	6459.76022	298207.725	276073.77	0	0	0	0	0	0	3
27	100	0	0.302486755	6519.78348	21555.6525	6459.76022	298207.725	276652.073	0	0	0	0	0	0	3
28	103	0	0.313689969	6502.5787	21018.0428	6459.76022	298207.725	277189.682	0	0	0	0	0	0	3
29	106	0	0.324893182	6432.93236	20515.1079	6432.93236	298207.725	277692.617	0	0	0	0	0	0	3
30	110	0	0.336096395	6316.16055	20041.8097	6316.16055	298207.725	278165.915	0	0	0	0	0	0	3
31	113	0	0.347299608	6194.96077	19595.1371	6194.96077	298207.725	278612.588	0	0	0	0	0	0	3
32	116	0	0.358502821	6039.82316	19171.5336	6039.82316	298207.725	279036.192	0	0	0	0	0	0	3
33	120	0	0.369706034	5881.70658	18768.8115	5881.70658	298207.725	279438.914	0	0	0	0	0	0	3
34	124	0	0.380909248	5749.10753	18385.8791	5749.10753	298207.725	279821.846	0	0	0	0	0	0	3
35	127	0	0.392112461	5675.57712	18022.7276	5675.57712	298207.725	280184.998	0	0	0	0	0	0	3
36	131	0	0.403315674	5639.38698	17678.7459	5639.38698	298207.725	280528.979	0	0	0	0	0	0	3
37	134	0	0.414518887	5607.06517	17352.4843	5607.06517	298207.725	280855.241	0	0	0	0	0	0	3
38	137	0	0.4257221	5593.83885	17043.0462	5593.83885	298207.725	281164.679	0	0	0	0	0	0	3
39	140	0	0.436925313	5608.24628	16749.8462	5593.83885	298207.725	281457.879	0	0	0	0	0	0	3
40	143	0	0.448128527	5619.66572	16471.5917	5593.83885	298207.725	281736.133	0	0	0	0	0	0	3
41	147	0	0.45933174	5622.33127	16206.9756	5593.83885	298207.725	282000.75	0	0	0	0	0	0	3
42	150	0	0.470534953	5617.41322	15954.8432	5593.83885	298207.725	282252.882	0	0	0	0	0	0	3
43	153	0	0.481738166	5620.11881	15714.5007	5593.83885	298207.725	282493.224	0	0	0	0	0	0	3
44	156	0	0.492941379	5614.40687	15484.9532	5593.83885	298207.725	282722.772	0	0	0	0	0	0	3
45	159	0	0.504144592	5604.31782	15265.3835	5593.83885	298207.725	282942.342	0	0	0	0	0	0	3
46	162	0	0.515347806	5586.04846	8762.67955	5586.04846	79931.5347	74345.4862	0	0	0	0	0	0	3
47	165	0	0.526551019	5564.95512	7110.08889	5564.95512	15946.9937	10382.0385	0	0	0	0	0	0	3
48	169	0	0.537754232	5537.41127	6878.76484	5537.41127	11351.6099	5814.19863	0	0	0	0	0	0	3
49	172	0	0.548957445	5518.20046	6749.13352	5518.20046	10679.296	5161.09555	0	0	0	0	0	0	3
50	175	0	0.560160658	5502.54805	6634.09468	5502.54805	10391.9859	4889.43785	0	0	0	0	0	0	3
51	178	0	0.571363871	5486.99103	6527.71009	5486.99103	10391.9859	4904.99486	0	0	0	0	0	0	3
52	181	0	0.582567085	5473.60899	6418.41283	5473.60899	9648.59371	4174.98473	0	0	0	0	0	0	3
53	184	0	0.593770298	5464.78878	6325.43938	5464.78878	9205.24884	3740.46006	0	0	0	0	0	0	3
54	187	0	0.604973511	5456.27251	6242.1288	5456.27251	8667.84374	3211.57123	0	0	0	0	0	0	3
55	189	0	0.616176724	5452.66274	6170.68033	5452.66274	8230.61866	2777.95592	0	0	0	0	0	0	3
56	192	0	0.627379937	5450.41619	6108.89806	5450.41619	7920.77574	2470.35955	0	0	0	0	0	0	3
57	196	0	0.63858315	5450.77888	6054.00924	5450.41619	7627.5049	2177.08871	0	0	0	0	0	0	3
58	199	0	0.649786364	5454.93115	6005.72982	5450.41619	7432.5558	1982.1396	0	0	0	0	0	0	3
59	202	0	0.660989577	5466.08016	5962.03036	5450.41619	7203.6573	1753.24111	0	0	0	0	0	0	3
60	205	0	0.67219279	5475.82772	5923.63415	5450.41619	7075.12448	1624.70829	0	0	0	0	0	0	3
61	208	0	0.683396003	5488.43668	5888.37442	5450.41619	6894.55047	1444.13428	0	0	0	0	0	0	3
62	211	0	0.694599216	5500.39381	5857.39316	5450.41619	6731.3498	1280.93361	0	0	0	0	0	0	3
63	214	0	0.705802429	5509.36645	5830.23797	5450.41619	6612.48316	1162.06697	0	0	0	0	0	0	3
64	217	0	0.717005643	5514.53586	5805.83915	5450.41619	6542.18802	1091.77183	0	0	0	0	0	0	3
65	220	0	0.728208856	5526.72869	5783.27338	5450.41619	6521.69863	1071.28244	0	0	0	0	0	0	3
66	223	0	0.739412069	5538.70412	5762.3464	5450.41619	6521.69863	1071.28244	0	0	0	0	0	0	3
67	226	0	0.750615282	5550.32712	5741.96871	5450.41619	6521.69863	1071.28244	0	0	0	0	0	0	3
68	229	0	0.761818495	5561.05742	5721.99754	5450.41619	6521.69863	1071.28244	0	0	0	0	0	0	3
69	232	0	0.773021708	5571.22724	5701.77187	5450.41619	6521.69863	1071.28244	0	0	0	0	0	0	3
70	235	0	0.784224922	5582.84411	5681.47251	5450.41619	6521.69863	1071.28244	0	0	0	0	0	0	3
71	238	0	0.795428135	5595.69229	5660.89459	5450.41619	6519.78348	1069.36729	0	0	0	0	0	0	3
72	241	0	0.806631348	5608.82201	5640.651	5450.41619	6502.5787	1052.16251	0	0	0	0	0	0	3
73	244	0	0.817834561	5624.84229	5621.14575	5450.41619	6432.93236	982.516173	0	0	0	0	0	0	3
74	247	0	0.829037774	5636.80626	5603.45406	5450.41619	6316.16055	865.744355	0	0	0	0	0	0	3
75	250	0	0.840240987	5648.2582	5588.61178	5450.41619	6194.96077	744.544579	0	0	0	0	0	0	3
76	253	0	0.851444201	5656.98514	5576.65677	5450.41619	6039.82316	589.406967	0	0	0	0	0	0	3
77	256	0	0.862647414	5667.83107	5568.39028	5450.41619	5881.70658	431.290388	0	0	0	0	0	0	3
78	259	0	0.873850627	5678.20742	5563.86807	5450.41619	5749.10753	298.691339	0	0	0	0	0	0	3
79	262	0	0.88505384	5684.38695	5562.42984	5450.41619	5684.38695	233.970762	0	0	0	0	0	0	3
80	265	0	0.896257053	5691.8616	5562.79172	5450.41619	5691.8616	241.445403	0	0	0	0	0	0	3
81	268	0	0.907460266	5695.37787	5564.03596	5450.41619	5695.37787	244.961676	0	0	0	0	0	0	3
82	271	0	0.918663479	5698.84753	5566.07557	5450.41619	5698.84753	248.431335	0	0	0	0	0	0	3
83	274	0	0.929866693	5704.70091	5568.53917	5450.41619	5704.70091	254.284717	0	0	0	0	0	0	3
84	277	0	0.941069906	5712.73826	5570.86121	5450.41619	5712.73826	262.322071	0	0	0	0	0	0	3
85	280	0	0.952273119	5714.63414	5572.97162	5450.41619	5714.63414	264.217944	0	0	0	0	0	0	3
86	283	0	0.963476332	5716.75347	5575.06989	5450.41619	5716.75347	266.337282	0	0	0	0	0	0	3
87	286	0	0.974679545	5720.3846	5577.35814	5450.41619	5720.3846	269.968406	0	0	0	0	0	0	3
88	289	0	0.985882758	5722.75844	5579.63903	5450.41619	5722.75844	272.342247	0	0	0	0	0	0	3
89	292	0	0.997085972	5724.90719	5582.09459	5450.41619	5724.90719	274.491	0	0	0	0	0	0	3
90	294	0	1.00828918	5726.46671	5584.80901	5450.41619	5726.46671	276.050513	314.897324	0	100	0	0	0	3
91	297	0	1.0194924	5726.11193	5587.92153	5450.41619	5726.46671	276.050513	314.897324	0	100	0	0	0	3
92	300	0	1.03069561	5728.96995	5591.5663	5450.41619	5728.96995	278.553758	314.897324	0	100	0	0	0	3
93	303	0	1.04189882	5731.93432	5595.88904	5450.41619	5731.93432	281.518125	314.897324	0	100	0	0	0	3
94	306	0	1.05310204	5733.91017	5600.68259	5450.41619	5733.91017	283.49398	314.897324	0	100	0	0	0	3
95	309	0	1.06430525	5735.99368	5605.87027	5450.41619	5735.99368	285.577485	314.897324	0	100	0	0	0	3
96	312	0	1.07550846	5740.92324	5611.51321	5450.41619	5740.92324	290.507044	314.897324	0	100	0	0	0	3
97	315	0	1.08671168	5744.6772	5617.53694	5450.41619	5744.6772	294.261006	314.897324	0	100	0	0	0	3
98	318	0	1.09791489	5751.60572	5623.91065	5450.41619	5751.60572	301.189529	314.897324	0	100	0	0	0	3
99	321	0	1.1091181	5754.68894	5630.54213	5450.41619	5754.68894	304.272749	314.897324	0	100	0	0	0	3
100	324	0	1.12032132	5756.80408	5637.30083	5450.41619	5756.80408	306.387884	314.897324	0	100	0	0	0	3
101	327	0	1.13152453	5757.37799	5644.1222	5450.77888	5757.37799	306.599103	314.897324	0	100	0	0	0	3
102	330	0	1.14272774	5760.41128	5651.00292	5454.93115	5760.41128	305.480129	314.897324	0	100	0	0	0	3
103	333	0	1.15393096	5758.61484	5657.75145	5466.08016	5760.41128	294.331124	314.897324	0	100	0	0	0	3
104	336	0	1.16513417	5760.01869	5664.28341	5475.82772	5760.41128	284.583559	314.897324	0	100	0	0	0	3
105	339	0	1.17633738	5761.82109	5670.63882	5488.43668	5761.82109	273.384413	314.897324	0	100	0	0	0	3
106	342	0	1.1875406	5768.04987	5676.85245	5500.39381	5768.04987	267.65606	314.897324	0	100	0	0	0	3
107	345	0	1.19874381	5769.26149	5682.82728	5509.36645	5769.26149	259.895034	314.897324	0	100	0	0	0	3
108	348	0	1.20994702	5773.30587	5688.69261	5514.53586	5773.30587	243.409307	314.897324	0	100	0	0	0	3
109	351	0	1.22115023	5773.6818	5694.4514	5526.72869	5773.6818	220.843544	314.897324	0	100	0	0	0	3
110	354	0	1.23235345	5777.67343	5700.02795	5538.70412	5777.67343	199.916559	314.897324	0	100	0	0	0	3
111	356	0	1.24355666	5778.35876	5705.35361	5550.32712	5778.35876	179.538872	314.897324	0	100	0	0	0	3
112	359	0	1.25475987	5780.94162	5710.47838	5561.05742	5780.94162	159.567699	314.897324	0	100	0	0	0	3
113	362	0	1.26596309	5778.57866	5715.31218	5571.22724	5780.94162	152.882345	314.897324	0	100	0	0	0	3
114	365	0	1.2771663	5781.48686	5719.98462	5582.84411	5781.48686	157.554781	314.897324	0	100	0	0	0	3
115	368	0	1.28836951	5779.53783	5724.35559	5595.69229	5781.48686	161.925753	314.897324	0	100	0	0	0	3
116	371	0	1.29957273	5780.10761	5728.45371	5608.82201	5781.48686	166.023871	314.897324	0	100	0	0	0	3
117	374	0	1.31077594	5781.1342	5732.28287	5624.84229	5781.48686	156.644576	314.897324	0	100	0	0	0	3
118	377	0	1.32197915	5786.47519	5735.87471	5636.80626	5786.47519	149.668927	314.897324	0	100	0	0	0	3
119	380	0	1.33318237	5787.77978	5739.22968	5648.2582	5787.77978	139.521585	314.897324	0	100	0	0	0	3
120	383	0	1.34438558	5792.00519	5742.42406	5656.98514	5792.00519	135.020045	314.897324	0	100	0	0	0	3
121	385	0	1.35558879	5790.12923	5745.38281	5667.83107	5792.00519	124.174123	314.897324	0	100	0	0	0	3
122	388	0	1.36679201	5792.34886	5748.14988	5678.20742	5792.34886	114.141435	314.897324	0	100	0	0	0	3
123	391	0	1.37799522	5791.29001	5750.66282	5684.38695	5792.34886	107.961902	314.897324	0	100	0	0	0	3
124	394	0	1.38919843	5792.57777	5753.06706	5691.8616	5792.57777	100.716179	314.897324	0	100	0	0	0	3
125	397	0	1.40040165	5789.59041	5755.23881	5695.37787	5792.57777	97.1999058	314.897324	0	100	0	0	0	3
126	400	0	1.41160486	5790.34248	5757.34914	5698.84753	5792.57777	93.7302475	314.897324	0	100	0	0	0	3
127	403	0	1.42280807	5790.28296	5759.38104	5704.70091	5792.57777	87.8768647	314.897324	0	100	0	0	0	3
128	406	0	1.43401129	5794.44358	5761.37532	5712.73826	5794.44358	81.7053151	314.897324	0	100	0	0	0	3
129	409	0	1.4452145	5794.85079	5763.20004	5714.63414	5794.85079	80.216657	314.897324	0	100	0	0	0	3
130	412	0	1.45641771	5797.06271	5765.03179	5716.75347	5797.06271	80.3092362	314.897324	0	100	0	0	0	3
131	415	0	1.46762092	5797.582	5766.82798	5720.3846	5797.582	77.1974041	314.897324	0	100	0	0	0	3
132	418	0	1.47882414	5798.32226	5768.55993	5722.75844	5798.32226	75.563824	314.897324	0	100	0	0	0	3
133	421	0	1.49002735	5797.27271	5770.2158	5724.90719	5798.32226	73.4150703	314.897324	0	100	0	0	0	3
134	424	0	1.50123056	5798.61889	5771.85384	5726.11193	5798.61889	72.5069616	314.897324	0	100	0	0	0	3
135	427	0	1.51243378	5797.34879	5773.42899	5726.11193	5798.61889	72.5069616	314.897324	0	100	0	0	0	3
136	430	0	1.52363699	5794.62724	5774.95156	5728.96995	5798.61889	69.6489421	314.897324	0	100	0	0	0	3
137	432	0	1.5348402	5792.82639	5776.37059	5731.93432	5798.61889	66.6845757	314.897324	0	100	0	0	0	3
138	435	0	1.54604342	5794.10404	5777.75214	5733.91017	5798.61889	64.7087208	314.897324	0	100	0	0	0	3
139	438	0	1.55724663	5796.29971	5779.13857	5735.99368	5798.61889	62.6252149	314.897324	0	100	0	0	0	3
140	441	0	1.56844984	5800.5569	5780.57331	5740.92324	5800.5569	59.6336604	314.897324	0	100	0	0	0	3
141	444	0	1.57965306	5800.59995	5781.89946	5744.6772	5800.59995	55.9227546	314.897324	0	100	0	0	0	3
142	447	0	1.59085627	5801.91709	5783.17146	5751.60572	5801.91709	50.3113645	314.897324	0	100	0	0	0	3
143	450	0	1.60205948	5801.40882	5784.27819	5754.68894	5801.91709	47.2281442	314.897324	0	100	0	0	0	3
144	453	0	1.6132627	5801.80243	5785.32516	5756.80408	5801.91709	45.1130098	314.897324	0	100	0	0	0	3
145	456	0	1.62446591	5799.43198	5786.27245	5757.37799	5801.91709	44.5390988	314.897324	0	100	0	0	0	3
146	459	0	1.63566912	5799.19297	5787.20167	5758.61484	5801.91709	43.3022438	314.897324	0	100	0	0	0	3
147	462	0	1.64687234	5796.20326	5787.99704	5758.61484	5801.91709	43.3022438	314.897324	0	100	0	0	0	3
148	465	0	1.65807555	5797.32623	5788.8573	5760.01869	5801.91709	41.8983975	314.897324	0	100	0	0	0	3
149	468	0	1.66927876	5799.35878	5789.73152	5761.82109	5801.91709	40.095992	314.897324	0	100	0	0	0	3
150	471	0	1.68048197	5800.95027	5790.60106	5768.04987	5801.91709	33.8672147	314.897324	0	100	0	0	0	3
151	474	0	1.69168519	5800.14915	5791.31438	5769.26149	5801.91709	32.6555991	314.897324	0	100	0	0	0	3
152	481	0	1.7028884	5800.87082	5792.01681	5773.30587	5801.91709	28.6112146	314.897324	0	100	0	0	0	3
153	485	0	1.71409161	5800.25998	5792.61579	5773.6818	5801.91709	28.2352816	314.897324	0	100	0	0	0	3
154	489	0	1.72529483	5799.8887	5793.19816	5777.67343	5801.91709	24.2436582	314.897324	0	100	0	0	0	3
155	493	0	1.73649804	5799.91754	5793.69248	5778.35876	5801.91709	23.5583261	314.897324	0	100	0	0	0	3
156	497	0	1.74770125	5800.80993	5794.19139	5778.57866	5801.91709	23.3384212	314.897324	0	100	0	0	0	3
157	501	0	1.75890447	5799.18927	5794.59689	5778.57866	5801.91709	23.3384212	314.897324	0	100	0	0	0	3
158	505	0	1.77010768	5798.00853	5795.02867	5779.53783	5801.91709	22.3792587	314.897324	0	100	0	0	0	3
159	508	0	1.78131089	5798.68705	5795.4109	5779.53783	5801.91709	22.3792587	314.897324	0	100	0	0	0	3
160	512	0	1.79251411	5800.72509	5795.88172	5780.10761	5801.91709	21.80948	314.897324	0	100	0	0	0	3
161	517	0	1.80371732	5803.09992	5796.39266	5781.1342	5803.09992	21.9657167	314.897324	0	100	0	0	0	3
162	521	0	1.81492053	5804.15905	5796.90433	5786.47519	5804.15905	17.6838585	314.897324	0	100	0	0	0	3
163	526	0	1.82612375	5802.09961	5797.25154	5787.77978	5804.15905	16.3792605	314.897324	0	100	0	0	0	3
164	530	0	1.83732696	5802.4015	5797.57646	5789.59041	5804.15905	14.5686389	314.897324	0	100	0	0	0	3
165	533	0	1.84853017	5800.49634	5797.76516	5789.59041	5804.15905	14.5686389	314.897324	0	100	0	0	0	3
