Iteration	CPUTime	PhysTime	Travels	Value	AvValue	MinValue	MaxValue	Delta	Criteria	Progress	dGMaxMin	CriteriaType	CriteriaVarType	CriteriaPercentage
1	12	0	0.0112032132	15.2735853	15.2735853	15.2735853	15.2735853	0	0	0	0	0	0	0	3
2	15	0	0.0224064263	15.1882846	15.2309349	15.1882846	15.2735853	0.0426503667	0	0	0	0	0	0	3
3	19	0	0.0336096395	15.082485	15.1814516	15.082485	15.2735853	0.0921336713	0	0	0	0	0	0	3
4	22	0	0.0448128527	15.3428373	15.2217981	15.082485	15.3428373	0.0921336713	0	0	0	0	0	0	3
5	25	0	0.0560160658	16.5776662	15.4929717	15.082485	16.5776662	0.311520039	0	0	0	0	0	0	3
6	28	0	0.067219279	17.9901465	15.9091675	15.082485	17.9901465	0.727715845	0	0	0	0	0	0	3
7	32	0	0.0784224922	19.4209688	16.4108534	15.082485	19.4209688	1.22940174	0	0	0	0	0	0	3
8	35	0	0.0896257053	20.3941164	16.9087613	15.082485	20.3941164	1.72730962	0	0	0	0	0	0	3
9	38	0	0.100828918	21.1418752	17.3791073	15.082485	21.1418752	2.19765561	0	0	0	0	0	0	3
10	41	0	0.112032132	21.6462	17.8058165	15.082485	21.6462	2.62436488	0	0	0	0	0	0	3
11	44	0	0.123235345	22.1144203	18.1975078	15.082485	22.1144203	3.01605613	0	0	0	0	0	0	3
12	48	0	0.134438558	22.2904723	18.5385881	15.082485	22.2904723	3.3571365	0	0	0	0	0	0	3
13	51	0	0.145641771	22.2599381	18.8248458	15.082485	22.2904723	3.64339419	0	0	0	0	0	0	3
14	54	0	0.156844984	22.105225	19.0591586	15.082485	22.2904723	3.87770699	0	0	0	0	0	0	3
15	57	0	0.168048197	21.8822992	19.247368	15.082485	22.2904723	4.06591636	0	0	0	0	0	0	3
16	60	0	0.179251411	21.5592373	19.3918598	15.082485	22.2904723	4.21040819	0	0	0	0	0	0	3
17	64	0	0.190454624	21.270006	19.502339	15.082485	22.2904723	4.32088738	0	0	0	0	0	0	3
18	67	0	0.201657837	21.0126732	19.5862465	15.082485	22.2904723	4.40479483	0	0	0	0	0	0	3
19	70	0	0.21286105	20.7871813	19.6494536	15.082485	22.2904723	4.46800193	0	0	0	0	0	0	3
20	74	0	0.224064263	20.5917888	19.6965703	15.082485	22.2904723	4.51511869	0	0	0	0	0	0	3
21	78	0	0.235267476	20.3682122	19.7285533	15.082485	22.2904723	4.54710164	0	0	0	0	0	0	3
22	82	0	0.24647069	20.1922718	19.7496314	15.082485	22.2904723	4.56817975	0	0	0	0	0	0	3
23	86	0	0.257673903	20.0426488	19.7623713	15.082485	22.2904723	4.58091964	0	0	0	0	0	0	3
24	89	0	0.268877116	19.9079722	19.768438	15.082485	22.2904723	4.58698634	0	0	0	0	0	0	3
25	92	0	0.280080329	19.7876151	19.7692051	15.082485	22.2904723	4.58775342	0	0	0	0	0	0	3
26	96	0	0.291283542	19.6514197	19.7646749	15.082485	22.2904723	4.58775342	0	0	0	0	0	0	3
27	100	0	0.302486755	19.5553665	19.7569227	15.082485	22.2904723	4.58775342	0	0	0	0	0	0	3
28	103	0	0.313689969	19.4871376	19.7472875	15.082485	22.2904723	4.58775342	0	0	0	0	0	0	3
29	106	0	0.324893182	19.4481149	19.7369712	15.082485	22.2904723	4.58775342	0	0	0	0	0	0	3
30	110	0	0.336096395	19.43582	19.7269329	15.082485	22.2904723	4.58775342	0	0	0	0	0	0	3
31	113	0	0.347299608	19.453372	19.7181083	15.082485	22.2904723	4.58775342	0	0	0	0	0	0	3
32	116	0	0.358502821	19.483548	19.7107783	15.082485	22.2904723	4.58775342	0	0	0	0	0	0	3
33	120	0	0.369706034	19.557924	19.7061463	15.082485	22.2904723	4.58775342	0	0	0	0	0	0	3
34	124	0	0.380909248	19.5932492	19.7028258	15.082485	22.2904723	4.58775342	0	0	0	0	0	0	3
35	127	0	0.392112461	19.639332	19.7010117	15.082485	22.2904723	4.58775342	0	0	0	0	0	0	3
36	131	0	0.403315674	19.6419994	19.6993725	15.082485	22.2904723	4.58775342	0	0	0	0	0	0	3
37	134	0	0.414518887	19.6850902	19.6989865	15.082485	22.2904723	4.58775342	0	0	0	0	0	0	3
38	137	0	0.4257221	19.6319789	19.6972231	15.082485	22.2904723	4.58775342	0	0	0	0	0	0	3
39	140	0	0.436925313	19.6686383	19.6964902	15.082485	22.2904723	4.58775342	0	0	0	0	0	0	3
40	143	0	0.448128527	19.5732457	19.6934091	15.082485	22.2904723	4.58775342	0	0	0	0	0	0	3
41	147	0	0.45933174	19.8327813	19.6968084	15.082485	22.2904723	4.58775342	0	0	0	0	0	0	3
42	150	0	0.470534953	19.7443628	19.6979407	15.082485	22.2904723	4.58775342	0	0	0	0	0	0	3
43	153	0	0.481738166	19.7810464	19.6998733	15.082485	22.2904723	4.58775342	0	0	0	0	0	0	3
44	156	0	0.492941379	19.6582191	19.6989267	15.082485	22.2904723	4.58775342	0	0	0	0	0	0	3
45	159	0	0.504144592	19.5447235	19.6954999	15.082485	22.2904723	4.58775342	0	0	0	0	0	0	3
46	162	0	0.515347806	19.4202075	19.7876471	15.082485	22.2904723	4.60619544	0	0	0	0	0	0	3
47	165	0	0.526551019	19.6610087	19.8870409	15.082485	22.2904723	4.7055893	0	0	0	0	0	0	3
48	169	0	0.537754232	19.566609	19.9866881	15.3428373	22.2904723	4.76489009	0	0	0	0	0	0	3
49	172	0	0.548957445	19.481388	20.0786559	16.5776662	22.2904723	4.58568426	0	0	0	0	0	0	3
50	175	0	0.560160658	19.3741573	20.1408002	17.9901465	22.2904723	4.2316327	0	0	0	0	0	0	3
51	178	0	0.571363871	19.4625253	20.1735197	19.3741573	22.2904723	2.91631501	0	0	0	0	0	0	3
52	181	0	0.582567085	19.3591638	20.1721463	19.3591638	22.2904723	2.93130848	0	0	0	0	0	0	3
53	184	0	0.593770298	19.4682989	20.1515725	19.3591638	22.2904723	2.79441246	0	0	0	0	0	0	3
54	187	0	0.604973511	19.3796706	20.1124124	19.3591638	22.2904723	2.36770319	0	0	0	0	0	0	3
55	189	0	0.616176724	19.491994	20.0645412	19.3591638	22.2904723	1.97601194	0	0	0	0	0	0	3
56	192	0	0.627379937	19.4109843	20.0044648	19.3591638	22.2904723	1.63493157	0	0	0	0	0	0	3
57	196	0	0.63858315	19.6808047	19.9464722	19.3591638	22.2599381	1.34867388	0	0	0	0	0	0	3
58	199	0	0.649786364	19.6124885	19.88764	19.3591638	22.105225	1.11436108	0	0	0	0	0	0	3
59	202	0	0.660989577	19.682733	19.8338069	19.3591638	21.8822992	0.926151712	0	0	0	0	0	0	3
60	205	0	0.67219279	19.5872087	19.7828049	19.3591638	21.5592373	0.781659879	0	0	0	0	0	0	3
61	208	0	0.683396003	19.5113006	19.7372952	19.3591638	21.270006	0.671180694	0	0	0	0	0	0	3
62	211	0	0.694599216	19.40554	19.6958626	19.3591638	21.0126732	0.587273238	0	0	0	0	0	0	3
63	214	0	0.705802429	19.6690306	19.6660039	19.3591638	20.7871813	0.524066145	0	0	0	0	0	0	3
64	217	0	0.717005643	19.5857446	19.6393053	19.3591638	20.5917888	0.534214458	0	0	0	0	0	0	3
65	220	0	0.728208856	19.5221303	19.6155351	19.3591638	20.3682122	0.557984646	0	0	0	0	0	0	3
66	223	0	0.739412069	19.4113051	19.5942705	19.3591638	20.1922718	0.57924925	0	0	0	0	0	0	3
67	226	0	0.750615282	19.5159082	19.5792402	19.3591638	20.0426488	0.59427955	0	0	0	0	0	0	3
68	229	0	0.761818495	19.4128808	19.5652453	19.3591638	19.9079722	0.548808406	0	0	0	0	0	0	3
69	232	0	0.773021708	19.5259879	19.5567568	19.3591638	19.8327813	0.473617479	0	0	0	0	0	0	3
70	235	0	0.784224922	19.4272894	19.5487495	19.3591638	19.8327813	0.473617479	0	0	0	0	0	0	3
71	238	0	0.795428135	19.5468617	19.546426	19.3591638	19.8327813	0.473617479	0	0	0	0	0	0	3
72	241	0	0.806631348	19.4545506	19.5441857	19.3591638	19.8327813	0.473617479	0	0	0	0	0	0	3
73	244	0	0.817834561	19.5706663	19.5460419	19.3591638	19.8327813	0.473617479	0	0	0	0	0	0	3
74	247	0	0.829037774	19.4839975	19.5468393	19.3591638	19.8327813	0.473617479	0	0	0	0	0	0	3
75	250	0	0.840240987	19.7461504	19.5537355	19.3591638	19.8327813	0.473617479	0	0	0	0	0	0	3
76	253	0	0.851444201	19.6696036	19.5585406	19.3591638	19.8327813	0.473617479	0	0	0	0	0	0	3
77	256	0	0.862647414	19.7382344	19.5642003	19.3591638	19.8327813	0.473617479	0	0	0	0	0	0	3
78	259	0	0.873850627	19.6344217	19.5659003	19.3591638	19.8327813	0.473617479	0	0	0	0	0	0	3
79	262	0	0.88505384	19.5614299	19.5651932	19.3591638	19.8327813	0.473617479	0	0	0	0	0	0	3
80	265	0	0.896257053	19.4497854	19.560981	19.3591638	19.8327813	0.473617479	0	0	0	0	0	0	3
81	268	0	0.907460266	19.7112267	19.5625194	19.3591638	19.8327813	0.473617479	0	0	0	0	0	0	3
82	271	0	0.918663479	19.6245964	19.5611751	19.3591638	19.8327813	0.473617479	0	0	0	0	0	0	3
83	274	0	0.929866693	19.5591196	19.559556	19.3591638	19.8327813	0.473617479	0	0	0	0	0	0	3
84	277	0	0.941069906	19.4453529	19.5545941	19.3591638	19.8327813	0.473617479	0	0	0	0	0	0	3
85	280	0	0.952273119	19.5503597	19.5540855	19.3591638	19.8327813	0.473617479	0	0	0	0	0	0	3
86	283	0	0.963476332	19.4567638	19.5457296	19.3591638	19.7810464	0.421882583	0	0	0	0	0	0	3
87	286	0	0.974679545	19.5551942	19.5415259	19.3591638	19.7810464	0.421882583	0	0	0	0	0	0	3
88	289	0	0.985882758	19.4551617	19.534284	19.3591638	19.7461504	0.386986584	0	0	0	0	0	0	3
89	292	0	0.997085972	19.572081	19.5323698	19.3591638	19.7461504	0.386986584	0	0	0	0	0	0	3
90	294	0	1.00828918	19.478217	19.5308919	19.3591638	19.7461504	0.386986584	0.216239617	0	55.8	0	0	0	3
91	297	0	1.0194924	19.5923149	19.5347165	19.3591638	19.7461504	0.386986584	0.216239617	0	55.8	0	0	0	3
92	300	0	1.03069561	19.5033649	19.5312133	19.3591638	19.7461504	0.386986584	0.216239617	0	55.8	0	0	0	3
93	303	0	1.04189882	19.6092019	19.5321598	19.3591638	19.7461504	0.386986584	0.216239617	0	55.8	0	0	0	3
94	306	0	1.05310204	19.6800961	19.5365755	19.3591638	19.7461504	0.386986584	0.216239617	0	55.8	0	0	0	3
95	309	0	1.06430525	19.7899082	19.5458144	19.3591638	19.7899082	0.430744396	0.216239617	0	50.2	0	0	0	3
96	312	0	1.07550846	19.6707002	19.5504405	19.3591638	19.7899082	0.430744396	0.216239617	0	50.2	0	0	0	3
97	315	0	1.08671168	19.7542066	19.5592193	19.3796706	19.7899082	0.410237557	0.216239617	0	52.7	0	0	0	3
98	318	0	1.09791489	19.4953555	19.5598205	19.3796706	19.7899082	0.410237557	0.216239617	0	52.7	0	0	0	3
99	321	0	1.1091181	19.5661838	19.5639653	19.40554	19.7899082	0.384368187	0.216239617	0	56.2	0	0	0	3
100	324	0	1.12032132	19.4874611	19.5638645	19.40554	19.7899082	0.384368187	0.216239617	0	56.2	0	0	0	3
101	327	0	1.13152453	19.573839	19.5674835	19.40554	19.7899082	0.384368187	0.216239617	0	56.2	0	0	0	3
102	330	0	1.14272774	19.4946791	19.5633474	19.40554	19.7899082	0.356748152	0.216239617	0	60.6	0	0	0	3
103	333	0	1.15393096	19.7474447	19.5663464	19.40554	19.7899082	0.302914998	0.216239617	0	71.3	0	0	0	3
104	336	0	1.16513417	19.6801543	19.5662891	19.40554	19.7899082	0.251912986	0.216239617	0	85.8	0	0	0	3
105	339	0	1.17633738	19.5981179	19.5665316	19.40554	19.7899082	0.206403281	0.216239617	0	100	0	0	0	3
106	342	0	1.1875406	19.4934375	19.5661346	19.40554	19.7899082	0.164970704	0.216239617	0	100	0	0	0	3
107	345	0	1.19874381	19.5836458	19.5700925	19.4113051	19.7899082	0.135111978	0.216239617	0	100	0	0	0	3
108	348	0	1.20994702	19.4755921	19.5657939	19.4113051	19.7899082	0.108413386	0.216239617	0	100	0	0	0	3
109	351	0	1.22115023	19.5875506	19.565834	19.4113051	19.7899082	0.0846431985	0.216239617	0	100	0	0	0	3
110	354	0	1.23235345	19.4913444	19.5651499	19.4113051	19.7899082	0.0633785947	0.216239617	0	100	0	0	0	3
111	356	0	1.24355666	19.6039842	19.5694316	19.4128808	19.7899082	0.0483482938	0.216239617	0	100	0	0	0	3
112	359	0	1.25475987	19.5146992	19.5694048	19.4128808	19.7899082	0.039200635	0.216239617	0	100	0	0	0	3
113	362	0	1.26596309	19.6227668	19.5740689	19.4272894	19.7899082	0.0431770241	0.216239617	0	100	0	0	0	3
114	365	0	1.2771663	19.536858	19.5743105	19.4272894	19.7899082	0.0434185812	0.216239617	0	100	0	0	0	3
115	368	0	1.28836951	19.791043	19.5823939	19.4453529	19.791043	0.0515019961	0.216239617	0	100	0	0	0	3
116	371	0	1.29957273	19.7172807	19.586181	19.4453529	19.791043	0.0552890841	0.216239617	0	100	0	0	0	3
117	374	0	1.31077594	19.7786984	19.5933842	19.4453529	19.791043	0.0624923691	0.216239617	0	100	0	0	0	3
118	377	0	1.32197915	19.5245721	19.5923599	19.4453529	19.791043	0.0624923691	0.216239617	0	100	0	0	0	3
119	380	0	1.33318237	19.5883234	19.5946783	19.4453529	19.791043	0.0637864058	0.216239617	0	100	0	0	0	3
120	383	0	1.34438558	19.5145158	19.5895308	19.4453529	19.791043	0.0637864058	0.216239617	0	100	0	0	0	3
121	385	0	1.35558879	19.5827696	19.5876012	19.4453529	19.791043	0.0637864058	0.216239617	0	100	0	0	0	3
122	388	0	1.36679201	19.5225199	19.5828075	19.4453529	19.791043	0.0637864058	0.216239617	0	100	0	0	0	3
123	391	0	1.37799522	19.5883794	19.5817844	19.4453529	19.791043	0.0637864058	0.216239617	0	100	0	0	0	3
124	394	0	1.38919843	19.5381718	19.5812675	19.4453529	19.791043	0.0637864058	0.216239617	0	100	0	0	0	3
125	397	0	1.40040165	19.7669536	19.5883157	19.4453529	19.791043	0.0637864058	0.216239617	0	100	0	0	0	3
126	400	0	1.41160486	19.7168578	19.5884409	19.4453529	19.791043	0.0637864058	0.216239617	0	100	0	0	0	3
127	403	0	1.42280807	19.612153	19.5881643	19.4453529	19.791043	0.0637864058	0.216239617	0	100	0	0	0	3
128	406	0	1.43401129	19.5165872	19.5872192	19.4453529	19.791043	0.0637864058	0.216239617	0	100	0	0	0	3
129	409	0	1.4452145	19.5944519	19.5905325	19.4551617	19.791043	0.0637864058	0.216239617	0	100	0	0	0	3
130	412	0	1.45641771	19.4939045	19.5892779	19.4551617	19.791043	0.0637864058	0.216239617	0	100	0	0	0	3
131	415	0	1.46762092	19.5994052	19.5924477	19.4551617	19.791043	0.0637864058	0.216239617	0	100	0	0	0	3
132	418	0	1.47882414	19.5080314	19.5913997	19.4551617	19.791043	0.0637864058	0.216239617	0	100	0	0	0	3
133	421	0	1.49002735	19.6165607	19.5949863	19.4755921	19.791043	0.064094439	0.216239617	0	100	0	0	0	3
134	424	0	1.50123056	19.5323739	19.5941039	19.4755921	19.791043	0.064094439	0.216239617	0	100	0	0	0	3
135	427	0	1.51243378	19.6278469	19.597429	19.4755921	19.791043	0.0662157531	0.216239617	0	100	0	0	0	3
136	430	0	1.52363699	19.7042393	19.5999162	19.4755921	19.791043	0.0687029631	0.216239617	0	100	0	0	0	3
137	432	0	1.5348402	19.8042307	19.6066022	19.4755921	19.8042307	0.074442358	0.216239617	0	100	0	0	0	3
138	435	0	1.54604342	19.6923967	19.6084509	19.4755921	19.8042307	0.0718753959	0.216239617	0	100	0	0	0	3
139	438	0	1.55724663	19.6117561	19.6069323	19.4755921	19.8042307	0.0626364865	0.216239617	0	100	0	0	0	3
140	441	0	1.56844984	19.5039834	19.6005784	19.4755921	19.8042307	0.0580103775	0.216239617	0	100	0	0	0	3
141	444	0	1.57965306	19.5929656	19.5988509	19.4755921	19.8042307	0.0492316483	0.216239617	0	100	0	0	0	3
142	447	0	1.59085627	19.491881	19.5930215	19.4755921	19.8042307	0.0486303902	0.216239617	0	100	0	0	0	3
143	450	0	1.60205948	19.6081142	19.5955272	19.4755921	19.8042307	0.0451035167	0.216239617	0	100	0	0	0	3
144	453	0	1.6132627	19.5025217	19.5941125	19.4755921	19.8042307	0.0451035167	0.216239617	0	100	0	0	0	3
145	456	0	1.62446591	19.6248837	19.5971664	19.4755921	19.8042307	0.0451035167	0.216239617	0	100	0	0	0	3
146	459	0	1.63566912	19.6814396	19.5995575	19.4755921	19.8042307	0.0451035167	0.216239617	0	100	0	0	0	3
147	462	0	1.64687234	19.7995335	19.606332	19.4755921	19.8042307	0.0433010544	0.216239617	0	100	0	0	0	3
148	465	0	1.65807555	19.5282669	19.6014614	19.4755921	19.8042307	0.0433010544	0.216239617	0	100	0	0	0	3
149	468	0	1.66927876	19.5989096	19.599656	19.4755921	19.8042307	0.0433010544	0.216239617	0	100	0	0	0	3
150	471	0	1.68048197	19.5095536	19.5976879	19.4755921	19.8042307	0.0433010544	0.216239617	0	100	0	0	0	3
151	474	0	1.69168519	19.5775695	19.5995575	19.4755921	19.8042307	0.0433010544	0.216239617	0	100	0	0	0	3
152	481	0	1.7028884	19.5140704	19.5980114	19.4755921	19.8042307	0.0433010544	0.216239617	0	100	0	0	0	3
153	485	0	1.71409161	19.5937416	19.6006369	19.4913444	19.8042307	0.0433010544	0.216239617	0	100	0	0	0	3
154	489	0	1.72529483	19.5304871	19.5993688	19.4913444	19.8042307	0.0433010544	0.216239617	0	100	0	0	0	3
155	493	0	1.73649804	19.6165408	19.602151	19.491881	19.8042307	0.039046164	0.216239617	0	100	0	0	0	3
156	497	0	1.74770125	19.5445368	19.6008299	19.491881	19.8042307	0.039046164	0.216239617	0	100	0	0	0	3
157	501	0	1.75890447	19.788166	19.606907	19.491881	19.8042307	0.0343820309	0.216239617	0	100	0	0	0	3
158	505	0	1.77010768	19.7222118	19.6091168	19.491881	19.8042307	0.0348063874	0.216239617	0	100	0	0	0	3
159	508	0	1.78131089	19.7759088	19.6144291	19.491881	19.8042307	0.0331615457	0.216239617	0	100	0	0	0	3
160	512	0	1.79251411	19.530685	19.6086433	19.491881	19.8042307	0.0331615457	0.216239617	0	100	0	0	0	3
161	517	0	1.80371732	19.5879731	19.6057698	19.491881	19.8042307	0.0331615457	0.216239617	0	100	0	0	0	3
162	521	0	1.81492053	19.5184415	19.5999864	19.491881	19.8042307	0.0331615457	0.216239617	0	100	0	0	0	3
163	526	0	1.82612375	19.5817798	19.6012576	19.491881	19.8042307	0.0331615457	0.216239617	0	100	0	0	0	3
164	530	0	1.83732696	19.5253828	19.599859	19.491881	19.8042307	0.0331615457	0.216239617	0	100	0	0	0	3
165	533	0	1.84853017	19.5874732	19.6014802	19.491881	19.8042307	0.0331615457	0.216239617	0	100	0	0	0	3
