Iteration	CPUTime	PhysTime	Travels	Value	AvValue	MinValue	MaxValue	Delta	Criteria	Progress	dGMaxMin	CriteriaType	CriteriaVarType	CriteriaPercentage
1	12	0	0.0112032132	-11.0457398	-11.0457398	-11.0457398	-11.0457398	0	0	0	0	0	0	0	3
2	15	0	0.0224064263	-7.95951389	-9.50262683	-11.0457398	-7.95951389	1.54311294	0	0	0	0	0	0	3
3	19	0	0.0336096395	-7.82665234	-8.94396866	-11.0457398	-7.82665234	2.1017711	0	0	0	0	0	0	3
4	22	0	0.0448128527	-7.4818682	-8.57844355	-11.0457398	-7.4818682	2.46729622	0	0	0	0	0	0	3
5	25	0	0.0560160658	-7.649417	-8.39263824	-11.0457398	-7.4818682	2.65310153	0	0	0	0	0	0	3
6	28	0	0.067219279	-7.99786671	-8.32684298	-11.0457398	-7.4818682	2.71889678	0	0	0	0	0	0	3
7	32	0	0.0784224922	-8.40461585	-8.33795339	-11.0457398	-7.4818682	2.71889678	0	0	0	0	0	0	3
8	35	0	0.0896257053	-9.18709029	-8.44409551	-11.0457398	-7.4818682	2.71889678	0	0	0	0	0	0	3
9	38	0	0.100828918	-9.84219266	-8.59943963	-11.0457398	-7.4818682	2.71889678	0	0	0	0	0	0	3
10	41	0	0.112032132	-10.219365	-8.76143217	-11.0457398	-7.4818682	2.71889678	0	0	0	0	0	0	3
11	44	0	0.123235345	-10.3904102	-8.90952108	-11.0457398	-7.4818682	2.71889678	0	0	0	0	0	0	3
12	48	0	0.134438558	-10.4389967	-9.03697738	-11.0457398	-7.4818682	2.71889678	0	0	0	0	0	0	3
13	51	0	0.145641771	-10.4785481	-9.14786743	-11.0457398	-7.4818682	2.71889678	0	0	0	0	0	0	3
14	54	0	0.156844984	-10.5907928	-9.25093353	-11.0457398	-7.4818682	2.71889678	0	0	0	0	0	0	3
15	57	0	0.168048197	-10.6598934	-9.34486419	-11.0457398	-7.4818682	2.71889678	0	0	0	0	0	0	3
16	60	0	0.179251411	-10.7093687	-9.43014572	-11.0457398	-7.4818682	2.71889678	0	0	0	0	0	0	3
17	64	0	0.190454624	-10.7468128	-9.50759673	-11.0457398	-7.4818682	2.71889678	0	0	0	0	0	0	3
18	67	0	0.201657837	-10.767509	-9.57759185	-11.0457398	-7.4818682	2.71889678	0	0	0	0	0	0	3
19	70	0	0.21286105	-10.7873671	-9.64126424	-11.0457398	-7.4818682	2.71889678	0	0	0	0	0	0	3
20	74	0	0.224064263	-10.8157169	-9.69998687	-11.0457398	-7.4818682	2.71889678	0	0	0	0	0	0	3
21	78	0	0.235267476	-10.83959	-9.75425368	-11.0457398	-7.4818682	2.71889678	0	0	0	0	0	0	3
22	82	0	0.24647069	-10.865142	-9.80474861	-11.0457398	-7.4818682	2.71889678	0	0	0	0	0	0	3
23	86	0	0.257673903	-10.8834415	-9.8516483	-11.0457398	-7.4818682	2.71889678	0	0	0	0	0	0	3
24	89	0	0.268877116	-10.9279101	-9.89649254	-11.0457398	-7.4818682	2.71889678	0	0	0	0	0	0	3
25	92	0	0.280080329	-10.9495092	-9.93861321	-11.0457398	-7.4818682	2.71889678	0	0	0	0	0	0	3
26	96	0	0.291283542	-10.9919126	-9.97912472	-11.0457398	-7.4818682	2.71889678	0	0	0	0	0	0	3
27	100	0	0.302486755	-10.9902762	-10.0165748	-11.0457398	-7.4818682	2.71889678	0	0	0	0	0	0	3
28	103	0	0.313689969	-11.0112457	-10.0520987	-11.0457398	-7.4818682	2.71889678	0	0	0	0	0	0	3
29	106	0	0.324893182	-10.9979497	-10.0847143	-11.0457398	-7.4818682	2.71889678	0	0	0	0	0	0	3
30	110	0	0.336096395	-11.0004452	-10.1152387	-11.0457398	-7.4818682	2.71889678	0	0	0	0	0	0	3
31	113	0	0.347299608	-10.9743517	-10.142952	-11.0457398	-7.4818682	2.71889678	0	0	0	0	0	0	3
32	116	0	0.358502821	-10.9520565	-10.1682365	-11.0457398	-7.4818682	2.71889678	0	0	0	0	0	0	3
33	120	0	0.369706034	-10.9212232	-10.1910543	-11.0457398	-7.4818682	2.71889678	0	0	0	0	0	0	3
34	124	0	0.380909248	-10.9040629	-10.2120251	-11.0457398	-7.4818682	2.71889678	0	0	0	0	0	0	3
35	127	0	0.392112461	-10.874626	-10.2309566	-11.0457398	-7.4818682	2.71889678	0	0	0	0	0	0	3
36	131	0	0.403315674	-10.8761485	-10.2488786	-11.0457398	-7.4818682	2.71889678	0	0	0	0	0	0	3
37	134	0	0.414518887	-10.8674898	-10.2655978	-11.0457398	-7.4818682	2.71889678	0	0	0	0	0	0	3
38	137	0	0.4257221	-10.8818741	-10.2818156	-11.0457398	-7.4818682	2.71889678	0	0	0	0	0	0	3
39	140	0	0.436925313	-10.8902417	-10.2974163	-11.0457398	-7.4818682	2.71889678	0	0	0	0	0	0	3
40	143	0	0.448128527	-10.915098	-10.3128583	-11.0457398	-7.4818682	2.71889678	0	0	0	0	0	0	3
41	147	0	0.45933174	-12.3898407	-10.3635164	-12.3898407	-7.4818682	2.71889678	0	0	0	0	0	0	3
42	150	0	0.470534953	-12.441082	-10.4129823	-12.441082	-7.4818682	2.71889678	0	0	0	0	0	0	3
43	153	0	0.481738166	-12.4516338	-10.4603928	-12.4516338	-7.4818682	2.71889678	0	0	0	0	0	0	3
44	156	0	0.492941379	-12.5209385	-10.5072233	-12.5209385	-7.4818682	2.71889678	0	0	0	0	0	0	3
45	159	0	0.504144592	-11.0434097	-10.5191386	-12.5209385	-7.4818682	2.71889678	0	0	0	0	0	0	3
46	162	0	0.515347806	-10.9865071	-10.5178223	-12.5209385	-7.4818682	2.19229561	0	0	0	0	0	0	3
47	165	0	0.526551019	-12.5177496	-10.6191164	-12.5209385	-7.4818682	2.29227346	0	0	0	0	0	0	3
48	169	0	0.537754232	-12.5384914	-10.723824	-12.5384914	-7.4818682	2.39698099	0	0	0	0	0	0	3
49	172	0	0.548957445	-11.0104415	-10.8022367	-12.5384914	-7.649417	2.47539373	0	0	0	0	0	0	3
50	175	0	0.560160658	-11.0446073	-10.8776854	-12.5384914	-7.99786671	2.55084241	0	0	0	0	0	0	3
51	178	0	0.571363871	-10.9912268	-10.9442045	-12.5384914	-8.40461585	2.60625111	0	0	0	0	0	0	3
52	181	0	0.582567085	-11.0015342	-11.0019138	-12.5384914	-9.18709029	2.55781829	0	0	0	0	0	0	3
53	184	0	0.593770298	-10.9727234	-11.0415945	-12.5384914	-9.84219266	2.4421549	0	0	0	0	0	0	3
54	187	0	0.604973511	-11.0112274	-11.0675731	-12.5384914	-10.219365	2.30614092	0	0	0	0	0	0	3
55	189	0	0.616176724	-10.997872	-11.0848732	-12.5384914	-10.3904102	2.14808122	0	0	0	0	0	0	3
56	192	0	0.627379937	-11.0389343	-11.0992849	-12.5384914	-10.4389967	2.06230751	0	0	0	0	0	0	3
57	196	0	0.63858315	-12.2622497	-11.1398016	-12.5384914	-10.4785481	1.99193419	0	0	0	0	0	0	3
58	199	0	0.649786364	-12.319881	-11.1807201	-12.5384914	-10.5907928	1.9297866	0	0	0	0	0	0	3
59	202	0	0.660989577	-12.3384201	-11.2195563	-12.5384914	-10.6598934	1.8746921	0	0	0	0	0	0	3
60	205	0	0.67219279	-12.4073843	-11.2583894	-12.5384914	-10.7093687	1.8282437	0	0	0	0	0	0	3
61	208	0	0.683396003	-11.0046838	-11.264952	-12.5384914	-10.7468128	1.75735525	0	0	0	0	0	0	3
62	211	0	0.694599216	-10.9476712	-11.2694155	-12.5384914	-10.767509	1.69182365	0	0	0	0	0	0	3
63	214	0	0.705802429	-12.398454	-11.3056587	-12.5384914	-10.7873671	1.66439449	0	0	0	0	0	0	3
64	217	0	0.717005643	-12.4178163	-11.3418909	-12.5384914	-10.8157169	1.64190406	0	0	0	0	0	0	3
65	220	0	0.728208856	-10.9601823	-11.3451013	-12.5384914	-10.83959	1.59084759	0	0	0	0	0	0	3
66	223	0	0.739412069	-10.9931224	-11.3485131	-12.5384914	-10.865142	1.5437645	0	0	0	0	0	0	3
67	226	0	0.750615282	-10.9255322	-11.3498551	-12.5384914	-10.8674898	1.49820681	0	0	0	0	0	0	3
68	229	0	0.761818495	-10.943891	-11.3511984	-12.5384914	-10.8674898	1.45470589	0	0	0	0	0	0	3
69	232	0	0.773021708	-10.9146098	-11.3509029	-12.5384914	-10.8674898	1.41258522	0	0	0	0	0	0	3
70	235	0	0.784224922	-10.9543069	-11.3510095	-12.5384914	-10.8674898	1.37207371	0	0	0	0	0	0	3
71	238	0	0.795428135	-10.9449373	-11.3499656	-12.5384914	-10.8674898	1.33462365	0	0	0	0	0	0	3
72	241	0	0.806631348	-10.992365	-11.350012	-12.5384914	-10.8674898	1.29909969	0	0	0	0	0	0	3
73	244	0	0.817834561	-11.0008169	-11.3497803	-12.5384914	-10.8674898	1.26648414	0	0	0	0	0	0	3
74	247	0	0.829037774	-11.031954	-11.3505359	-12.5384914	-10.8674898	1.23595978	0	0	0	0	0	0	3
75	250	0	0.840240987	-12.2593338	-11.3785112	-12.5384914	-10.8674898	1.23555923	0	0	0	0	0	0	3
76	253	0	0.851444201	-12.2940839	-11.4078386	-12.5384914	-10.8674898	1.2396021	0	0	0	0	0	0	3
77	256	0	0.862647414	-12.3008782	-11.4378124	-12.5384914	-10.8674898	1.24675814	0	0	0	0	0	0	3
78	259	0	0.873850627	-12.3914533	-11.4704842	-12.5384914	-10.8674898	1.25845907	0	0	0	0	0	0	3
79	262	0	0.88505384	-10.9994521	-11.4726039	-12.5384914	-10.8674898	1.24164738	0	0	0	0	0	0	3
80	265	0	0.896257053	-10.9391227	-11.4740372	-12.5384914	-10.8674898	1.22515864	0	0	0	0	0	0	3
81	268	0	0.907460266	-12.3940543	-11.5077684	-12.5384914	-10.8674898	1.24217065	0	0	0	0	0	0	3
82	271	0	0.918663479	-12.4165425	-11.5421918	-12.5384914	-10.8818741	1.26037625	0	0	0	0	0	0	3
83	274	0	0.929866693	-10.9620045	-11.5439725	-12.5384914	-10.8902417	1.24655625	0	0	0	0	0	0	3
84	277	0	0.941069906	-10.9664022	-11.545665	-12.5384914	-10.9146098	1.23280667	0	0	0	0	0	0	3
85	280	0	0.952273119	-10.9090306	-11.5455301	-12.5384914	-10.9090306	1.18214856	0	0	0	0	0	0	3
86	283	0	0.963476332	-10.9345748	-11.5131909	-12.5384914	-10.9090306	1.13268271	0	0	0	0	0	0	3
87	286	0	0.974679545	-10.9113715	-11.4791973	-12.5384914	-10.9090306	1.08527221	0	0	0	0	0	0	3
88	289	0	0.985882758	-10.9422139	-11.4456547	-12.5384914	-10.9090306	1.03844163	0	0	0	0	0	0	3
89	292	0	0.997085972	-10.933066	-11.4103686	-12.5384914	-10.9090306	1.02784265	0	0	0	0	0	0	3
90	294	0	1.00828918	-10.9770627	-11.4088942	-12.5384914	-10.9090306	1.02784265	0.151698696	0	14.7	0	0	0	3
91	297	0	1.0194924	-10.9810854	-11.4087737	-12.5384914	-10.9090306	0.926548526	0.151698696	0	16.3	0	0	0	3
92	300	0	1.03069561	-11.0176491	-11.3754382	-12.5384914	-10.9090306	0.821840992	0.151698696	0	18.4	0	0	0	3
93	303	0	1.04189882	-11.0311151	-11.3419409	-12.4178163	-10.9090306	0.743428252	0.151698696	0	20.4	0	0	0	3
94	306	0	1.05310204	-12.2591636	-11.3696903	-12.4178163	-10.9090306	0.667979579	0.151698696	0	22.7	0	0	0	3
95	309	0	1.06430525	-12.2729685	-11.3969872	-12.4178163	-10.9090306	0.601460466	0.151698696	0	25.2	0	0	0	3
96	312	0	1.07550846	-12.2923192	-11.4259004	-12.4178163	-10.9090306	0.54375117	0.151698696	0	27.8	0	0	0	3
97	315	0	1.08671168	-12.3798311	-11.4565292	-12.4178163	-10.9090306	0.504070434	0.151698696	0	30	0	0	0	3
98	318	0	1.09791489	-10.9852376	-11.4568073	-12.4178163	-10.9090306	0.478091885	0.151698696	0	31.7	0	0	0	3
99	321	0	1.1091181	-10.9363868	-11.4551442	-12.4178163	-10.9090306	0.46079173	0.151698696	0	32.9	0	0	0	3
100	324	0	1.12032132	-10.9361841	-11.4537733	-12.4178163	-10.9090306	0.446380082	0.151698696	0	33.9	0	0	0	3
101	327	0	1.13152453	-10.9163905	-11.4510501	-12.4178163	-10.9090306	0.405863349	0.151698696	0	37.3	0	0	0	3
102	330	0	1.14272774	-10.9888708	-11.4227528	-12.4178163	-10.9090306	0.364944841	0.151698696	0	41.5	0	0	0	3
103	333	0	1.15393096	-12.3743127	-11.4239624	-12.4178163	-10.9090306	0.326108679	0.151698696	0	46.5	0	0	0	3
104	336	0	1.16513417	-12.3539388	-11.4243073	-12.4178163	-10.9090306	0.287275546	0.151698696	0	52.8	0	0	0	3
105	339	0	1.17633738	-11.0607744	-11.3943826	-12.4178163	-10.9090306	0.280712989	0.151698696	0	54	0	0	0	3
106	342	0	1.1875406	-11.0079085	-11.3944543	-12.4178163	-10.9090306	0.276249469	0.151698696	0	54.9	0	0	0	3
107	345	0	1.19874381	-11.0025657	-11.3956742	-12.4178163	-10.9090306	0.240006246	0.151698696	0	63.2	0	0	0	3
108	348	0	1.20994702	-10.9536645	-11.3635677	-12.4178163	-10.9090306	0.203774041	0.151698696	0	74.4	0	0	0	3
109	351	0	1.22115023	-10.9494435	-11.3309372	-12.4165425	-10.9090306	0.214727757	0.151698696	0	70.6	0	0	0	3
110	354	0	1.23235345	-10.9638662	-11.3310191	-12.4165425	-10.9090306	0.214727757	0.151698696	0	70.6	0	0	0	3
111	356	0	1.24355666	-10.9668922	-11.3304362	-12.4165425	-10.9090306	0.215228788	0.151698696	0	70.4	0	0	0	3
112	359	0	1.25475987	-11.0017048	-11.3321289	-12.4165425	-10.9090306	0.215228788	0.151698696	0	70.4	0	0	0	3
113	362	0	1.26596309	-11.0124973	-11.3336535	-12.4165425	-10.9090306	0.215228788	0.151698696	0	70.4	0	0	0	3
114	365	0	1.2771663	-11.0377221	-11.3363893	-12.4165425	-10.9090306	0.215228788	0.151698696	0	70.4	0	0	0	3
115	368	0	1.28836951	-12.2327159	-11.3647984	-12.4165425	-10.9090306	0.215228788	0.151698696	0	70.4	0	0	0	3
116	371	0	1.29957273	-12.2661616	-11.3941589	-12.4165425	-10.9090306	0.215228788	0.151698696	0	70.4	0	0	0	3
117	374	0	1.31077594	-12.2818192	-11.4228135	-12.4165425	-10.9090306	0.215228788	0.151698696	0	70.4	0	0	0	3
118	377	0	1.32197915	-11.0257633	-11.4233678	-12.4165425	-10.9090306	0.215228788	0.151698696	0	70.4	0	0	0	3
119	380	0	1.33318237	-11.0522599	-11.4238191	-12.4165425	-10.9090306	0.215228788	0.151698696	0	70.4	0	0	0	3
120	383	0	1.34438558	-10.9422504	-11.3945506	-12.4165425	-10.9090306	0.215228788	0.151698696	0	70.4	0	0	0	3
121	385	0	1.35558879	-11.0308393	-11.3664785	-12.4165425	-10.9090306	0.215228788	0.151698696	0	70.4	0	0	0	3
122	388	0	1.36679201	-10.9462685	-11.336376	-12.4165425	-10.9090306	0.215228788	0.151698696	0	70.4	0	0	0	3
123	391	0	1.37799522	-11.0255275	-11.3060221	-12.4165425	-10.9090306	0.239642848	0.151698696	0	63.3	0	0	0	3
124	394	0	1.38919843	-10.993024	-11.3058793	-12.4165425	-10.9090306	0.239785695	0.151698696	0	63.2	0	0	0	3
125	397	0	1.40040165	-12.3329294	-11.3368528	-12.4165425	-10.9090306	0.239785695	0.151698696	0	63.2	0	0	0	3
126	400	0	1.41160486	-12.2663217	-11.3340143	-12.4165425	-10.9090306	0.239785695	0.151698696	0	63.2	0	0	0	3
127	403	0	1.42280807	-11.2540081	-11.3081802	-12.3798311	-10.9090306	0.239785695	0.151698696	0	63.2	0	0	0	3
128	406	0	1.43401129	-11.0546538	-11.310239	-12.3798311	-10.9090306	0.239785695	0.151698696	0	63.2	0	0	0	3
129	409	0	1.4452145	-11.0797404	-11.3127577	-12.3798311	-10.9090306	0.239650864	0.151698696	0	63.2	0	0	0	3
130	412	0	1.45641771	-10.988067	-11.314514	-12.3798311	-10.9113715	0.207311621	0.151698696	0	73.1	0	0	0	3
131	415	0	1.46762092	-10.9995976	-11.315959	-12.3798311	-10.9113715	0.173318055	0.151698696	0	87.5	0	0	0	3
132	418	0	1.47882414	-10.9946248	-11.317809	-12.3798311	-10.9163905	0.150928028	0.151698696	0	100	0	0	0	3
133	421	0	1.49002735	-11.0056428	-11.3192186	-12.3798311	-10.9163905	0.150928028	0.151698696	0	100	0	0	0	3
134	424	0	1.50123056	-11.0256927	-11.3212769	-12.3798311	-10.9163905	0.150928028	0.151698696	0	100	0	0	0	3
135	427	0	1.51243378	-11.0364007	-11.3225956	-12.3798311	-10.9163905	0.150928028	0.151698696	0	100	0	0	0	3
136	430	0	1.52363699	-12.2569606	-11.3509483	-12.3798311	-10.9163905	0.150928028	0.151698696	0	100	0	0	0	3
137	432	0	1.5348402	-12.2431925	-11.3781826	-12.3798311	-10.9163905	0.150928028	0.151698696	0	100	0	0	0	3
138	435	0	1.54604342	-12.2648051	-11.405598	-12.3798311	-10.9163905	0.150928028	0.151698696	0	100	0	0	0	3
139	438	0	1.55724663	-11.0194172	-11.3780481	-12.3798311	-10.9163905	0.150928028	0.151698696	0	100	0	0	0	3
140	441	0	1.56844984	-11.0716438	-11.351352	-12.3798311	-10.9163905	0.150928028	0.151698696	0	100	0	0	0	3
141	444	0	1.57965306	-10.9512264	-11.3215499	-12.3798311	-10.9163905	0.150928028	0.151698696	0	100	0	0	0	3
142	447	0	1.59085627	-11.0140471	-11.2911991	-12.3743127	-10.9163905	0.165608162	0.151698696	0	91.6	0	0	0	3
143	450	0	1.60205948	-10.9391814	-11.2901757	-12.3743127	-10.9163905	0.164968508	0.151698696	0	91.9	0	0	0	3
144	453	0	1.6132627	-11.024789	-11.2921402	-12.3743127	-10.9163905	0.163597667	0.151698696	0	92.7	0	0	0	3
145	456	0	1.62446591	-10.9987801	-11.2935312	-12.3743127	-10.9163905	0.16087447	0.151698696	0	94.2	0	0	0	3
146	459	0	1.63566912	-12.356023	-11.325523	-12.3743127	-10.9391814	0.134131612	0.151698696	0	100	0	0	0	3
147	462	0	1.64687234	-12.2441796	-11.3534188	-12.3743127	-10.9391814	0.134131612	0.151698696	0	100	0	0	0	3
148	465	0	1.65807555	-11.2547688	-11.32854	-12.356023	-10.9391814	0.134131612	0.151698696	0	100	0	0	0	3
149	468	0	1.66927876	-11.0462334	-11.2994799	-12.356023	-10.9391814	0.133643422	0.151698696	0	100	0	0	0	3
150	471	0	1.68048197	-11.078962	-11.2998841	-12.356023	-10.9391814	0.133643422	0.151698696	0	100	0	0	0	3
151	474	0	1.69168519	-10.9837846	-11.299348	-12.356023	-10.9391814	0.133643422	0.151698696	0	100	0	0	0	3
152	481	0	1.7028884	-10.9953776	-11.2991882	-12.356023	-10.9391814	0.133643422	0.151698696	0	100	0	0	0	3
153	485	0	1.71409161	-10.9930483	-11.3000634	-12.356023	-10.9391814	0.133643422	0.151698696	0	100	0	0	0	3
154	489	0	1.72529483	-11.0005759	-11.3011997	-12.356023	-10.9391814	0.133643422	0.151698696	0	100	0	0	0	3
155	493	0	1.73649804	-11.0233169	-11.3025208	-12.356023	-10.9391814	0.133643422	0.151698696	0	100	0	0	0	3
156	497	0	1.74770125	-11.0337529	-11.3040066	-12.356023	-10.9391814	0.133643422	0.151698696	0	100	0	0	0	3
157	501	0	1.75890447	-12.2287242	-11.3312737	-12.356023	-10.9391814	0.133643422	0.151698696	0	100	0	0	0	3
158	505	0	1.77010768	-12.2561675	-11.3589108	-12.356023	-10.9391814	0.133643422	0.151698696	0	100	0	0	0	3
159	508	0	1.78131089	-12.2663897	-11.3862146	-12.356023	-10.9391814	0.133643422	0.151698696	0	100	0	0	0	3
160	512	0	1.79251411	-11.0185259	-11.3592326	-12.356023	-10.9391814	0.133643422	0.151698696	0	100	0	0	0	3
161	517	0	1.80371732	-11.0471692	-11.3321439	-12.356023	-10.9391814	0.133643422	0.151698696	0	100	0	0	0	3
162	521	0	1.81492053	-10.9400986	-11.3023278	-12.356023	-10.9391814	0.133643422	0.151698696	0	100	0	0	0	3
163	526	0	1.82612375	-11.0220566	-11.3022455	-12.356023	-10.9391814	0.133643422	0.151698696	0	100	0	0	0	3
164	530	0	1.83732696	-10.9414876	-11.2997839	-12.356023	-10.9391814	0.11542231	0.151698696	0	100	0	0	0	3
165	533	0	1.84853017	-11.020941	-11.3015325	-12.356023	-10.9391814	0.11542231	0.151698696	0	100	0	0	0	3
