Iteration	CPUTime	PhysTime	Travels	Value	AvValue	MinValue	MaxValue	Delta	Criteria	Progress	dGMaxMin	CriteriaType	CriteriaVarType	CriteriaPercentage
1	12	0	0.0112032132	-7.36527967	-7.36527967	-7.36527967	-7.36527967	0	0	0	0	0	0	0	3
2	15	0	0.0224064263	-11.7947979	-9.58003877	-11.7947979	-7.36527967	2.2147591	0	0	0	0	0	0	3
3	19	0	0.0336096395	-14.3652634	-11.1751137	-14.3652634	-7.36527967	3.80983399	0	0	0	0	0	0	3
4	22	0	0.0448128527	-10.9295348	-11.113719	-14.3652634	-7.36527967	3.80983399	0	0	0	0	0	0	3
5	25	0	0.0560160658	-6.21023901	-10.133023	-14.3652634	-6.21023901	3.80983399	0	0	0	0	0	0	3
6	28	0	0.067219279	-6.37430646	-9.50657021	-14.3652634	-6.21023901	3.80983399	0	0	0	0	0	0	3
7	32	0	0.0784224922	-4.79531458	-8.8335337	-14.3652634	-4.79531458	3.80983399	0	0	0	0	0	0	3
8	35	0	0.0896257053	-5.01330966	-8.35600569	-14.3652634	-4.79531458	3.80983399	0	0	0	0	0	0	3
9	38	0	0.100828918	-6.80036328	-8.18315653	-14.3652634	-4.79531458	3.80983399	0	0	0	0	0	0	3
10	41	0	0.112032132	-8.36207518	-8.2010484	-14.3652634	-4.79531458	3.80983399	0	0	0	0	0	0	3
11	44	0	0.123235345	-10.3438938	-8.39585253	-14.3652634	-4.79531458	3.80983399	0	0	0	0	0	0	3
12	48	0	0.134438558	-11.1644579	-8.62656964	-14.3652634	-4.79531458	3.80983399	0	0	0	0	0	0	3
13	51	0	0.145641771	-11.0445384	-8.81256724	-14.3652634	-4.79531458	3.80983399	0	0	0	0	0	0	3
14	54	0	0.156844984	-10.6590099	-8.944456	-14.3652634	-4.79531458	3.80983399	0	0	0	0	0	0	3
15	57	0	0.168048197	-10.4800093	-9.04682622	-14.3652634	-4.79531458	3.80983399	0	0	0	0	0	0	3
16	60	0	0.179251411	-10.947375	-9.16561052	-14.3652634	-4.79531458	3.80983399	0	0	0	0	0	0	3
17	64	0	0.190454624	-11.2604965	-9.28883911	-14.3652634	-4.79531458	3.80983399	0	0	0	0	0	0	3
18	67	0	0.201657837	-11.458281	-9.40936366	-14.3652634	-4.79531458	3.80983399	0	0	0	0	0	0	3
19	70	0	0.21286105	-11.3839261	-9.51328799	-14.3652634	-4.79531458	3.80983399	0	0	0	0	0	0	3
20	74	0	0.224064263	-11.2329672	-9.59927195	-14.3652634	-4.79531458	3.80983399	0	0	0	0	0	0	3
21	78	0	0.235267476	-11.9616751	-9.71176734	-14.3652634	-4.79531458	3.80983399	0	0	0	0	0	0	3
22	82	0	0.24647069	-11.9397766	-9.81304049	-14.3652634	-4.79531458	3.80983399	0	0	0	0	0	0	3
23	86	0	0.257673903	-11.6920992	-9.8947387	-14.3652634	-4.79531458	3.80983399	0	0	0	0	0	0	3
24	89	0	0.268877116	-11.0025963	-9.94089943	-14.3652634	-4.79531458	3.80983399	0	0	0	0	0	0	3
25	92	0	0.280080329	-9.92929175	-9.94043512	-14.3652634	-4.79531458	3.80983399	0	0	0	0	0	0	3
26	96	0	0.291283542	-9.23290198	-9.91322231	-14.3652634	-4.79531458	3.80983399	0	0	0	0	0	0	3
27	100	0	0.302486755	-8.58140692	-9.86389582	-14.3652634	-4.79531458	3.80983399	0	0	0	0	0	0	3
28	103	0	0.313689969	-7.53910641	-9.78086762	-14.3652634	-4.79531458	3.80983399	0	0	0	0	0	0	3
29	106	0	0.324893182	-6.5382329	-9.66905263	-14.3652634	-4.79531458	3.80983399	0	0	0	0	0	0	3
30	110	0	0.336096395	-6.60436898	-9.56689651	-14.3652634	-4.79531458	3.80983399	0	0	0	0	0	0	3
31	113	0	0.347299608	-6.78513701	-9.47716233	-14.3652634	-4.79531458	3.80983399	0	0	0	0	0	0	3
32	116	0	0.358502821	-6.88003698	-9.39600217	-14.3652634	-4.79531458	3.80983399	0	0	0	0	0	0	3
33	120	0	0.369706034	-7.01876627	-9.32396471	-14.3652634	-4.79531458	3.80983399	0	0	0	0	0	0	3
34	124	0	0.380909248	-7.14398964	-9.2598478	-14.3652634	-4.79531458	3.80983399	0	0	0	0	0	0	3
35	127	0	0.392112461	-7.2769128	-9.20319251	-14.3652634	-4.79531458	3.80983399	0	0	0	0	0	0	3
36	131	0	0.403315674	-7.36624278	-9.15216613	-14.3652634	-4.79531458	3.80983399	0	0	0	0	0	0	3
37	134	0	0.414518887	-7.46117508	-9.10646367	-14.3652634	-4.79531458	3.80983399	0	0	0	0	0	0	3
38	137	0	0.4257221	-7.49644604	-9.06409479	-14.3652634	-4.79531458	3.80983399	0	0	0	0	0	0	3
39	140	0	0.436925313	-7.55822277	-9.02548268	-14.3652634	-4.79531458	3.80983399	0	0	0	0	0	0	3
40	143	0	0.448128527	-7.6212268	-8.99037629	-14.3652634	-4.79531458	3.80983399	0	0	0	0	0	0	3
41	147	0	0.45933174	-7.62044645	-8.95696336	-14.3652634	-4.79531458	3.80983399	0	0	0	0	0	0	3
42	150	0	0.470534953	-7.48833681	-8.92199607	-14.3652634	-4.79531458	3.80983399	0	0	0	0	0	0	3
43	153	0	0.481738166	-7.47274229	-8.88829249	-14.3652634	-4.79531458	3.80983399	0	0	0	0	0	0	3
44	156	0	0.492941379	-7.40132138	-8.85449769	-14.3652634	-4.79531458	3.80983399	0	0	0	0	0	0	3
45	159	0	0.504144592	-7.34675984	-8.82099241	-14.3652634	-4.79531458	3.80983399	0	0	0	0	0	0	3
46	162	0	0.515347806	-7.3143956	-8.81986165	-14.3652634	-4.79531458	2.99195712	0	0	0	0	0	0	3
47	165	0	0.526551019	-7.25591711	-8.71899763	-14.3652634	-4.79531458	2.99195712	0	0	0	0	0	0	3
48	169	0	0.537754232	-7.25306198	-8.56094871	-11.9616751	-4.79531458	2.93056242	0	0	0	0	0	0	3
49	172	0	0.548957445	-7.29025643	-8.48007586	-11.9616751	-4.79531458	1.94986643	0	0	0	0	0	0	3
50	175	0	0.560160658	-7.14986495	-8.50095643	-11.9616751	-4.79531458	1.7577429	0	0	0	0	0	0	3
51	178	0	0.571363871	-7.23258571	-8.52002931	-11.9616751	-4.79531458	1.7577429	0	0	0	0	0	0	3
52	181	0	0.582567085	-7.08023886	-8.5708054	-11.9616751	-5.01330966	1.7577429	0	0	0	0	0	0	3
53	184	0	0.593770298	-7.17980778	-8.6189498	-11.9616751	-6.5382329	1.7577429	0	0	0	0	0	0	3
54	187	0	0.604973511	-6.98188858	-8.6229837	-11.9616751	-6.5382329	1.73985103	0	0	0	0	0	0	3
55	189	0	0.616176724	-7.04647509	-8.59374814	-11.9616751	-6.5382329	1.5450469	0	0	0	0	0	0	3
56	192	0	0.627379937	-7.00886225	-8.51963633	-11.9616751	-6.5382329	1.46082357	0	0	0	0	0	0	3
57	196	0	0.63858315	-7.05385369	-8.42828957	-11.9616751	-6.5382329	1.51260986	0	0	0	0	0	0	3
58	199	0	0.649786364	-6.97895704	-8.33794331	-11.9616751	-6.5382329	1.60295612	0	0	0	0	0	0	3
59	202	0	0.660989577	-7.03565126	-8.25742423	-11.9616751	-6.5382329	1.6834752	0	0	0	0	0	0	3
60	205	0	0.67219279	-7.02669884	-8.180684	-11.9616751	-6.5382329	1.76021543	0	0	0	0	0	0	3
61	208	0	0.683396003	-7.1248733	-8.09573952	-11.9616751	-6.5382329	1.84515991	0	0	0	0	0	0	3
62	211	0	0.694599216	-7.10443532	-8.0033826	-11.9616751	-6.5382329	1.93751683	0	0	0	0	0	0	3
63	214	0	0.705802429	-7.10801697	-7.90671007	-11.9616751	-6.5382329	2.03418936	0	0	0	0	0	0	3
64	217	0	0.717005643	-7.11181201	-7.8117742	-11.9616751	-6.5382329	2.12912523	0	0	0	0	0	0	3
65	220	0	0.728208856	-7.15816124	-7.72122296	-11.9616751	-6.5382329	2.21967647	0	0	0	0	0	0	3
66	223	0	0.739412069	-7.13905448	-7.61405361	-11.9397766	-6.5382329	2.32684582	0	0	0	0	0	0	3
67	226	0	0.750615282	-7.1727555	-7.50811981	-11.6920992	-6.5382329	2.43277962	0	0	0	0	0	0	3
68	229	0	0.761818495	-7.12487925	-7.40662603	-11.0025963	-6.5382329	2.5342734	0	0	0	0	0	0	3
69	232	0	0.773021708	-7.20949058	-7.32233479	-9.92929175	-6.5382329	2.61810033	0	0	0	0	0	0	3
70	235	0	0.784224922	-7.17413553	-7.2611091	-9.23290198	-6.5382329	2.65211321	0	0	0	0	0	0	3
71	238	0	0.795428135	-7.2200972	-7.21638011	-8.58140692	-6.5382329	2.04317402	0	0	0	0	0	0	3
72	241	0	0.806631348	-7.19453703	-7.18556077	-7.6212268	-6.5382329	1.0829939	0	0	0	0	0	0	3
73	244	0	0.817834561	-7.25403425	-7.17922584	-7.6212268	-6.5382329	1.0829939	0	0	0	0	0	0	3
74	247	0	0.829037774	-7.19103492	-7.19373255	-7.6212268	-6.60436898	1.01685782	0	0	0	0	0	0	3
75	250	0	0.840240987	-7.25618336	-7.20821731	-7.6212268	-6.78513701	0.836089794	0	0	0	0	0	0	3
76	253	0	0.851444201	-7.2188183	-7.21785467	-7.6212268	-6.88003698	0.741189819	0	0	0	0	0	0	3
77	256	0	0.862647414	-7.27000108	-7.22652054	-7.6212268	-6.97895704	0.642269762	0	0	0	0	0	0	3
78	259	0	0.873850627	-7.23080089	-7.23123242	-7.6212268	-6.97895704	0.642269762	0	0	0	0	0	0	3
79	262	0	0.88505384	-7.29370226	-7.23455937	-7.6212268	-6.97895704	0.642269762	0	0	0	0	0	0	3
80	265	0	0.896257053	-7.23987859	-7.23373639	-7.6212268	-6.97895704	0.642269762	0	0	0	0	0	0	3
81	268	0	0.907460266	-7.30466179	-7.23236792	-7.6212268	-6.97895704	0.642269762	0	0	0	0	0	0	3
82	271	0	0.918663479	-7.2148537	-7.22689411	-7.6212268	-6.97895704	0.642269762	0	0	0	0	0	0	3
83	274	0	0.929866693	-7.33804839	-7.22337417	-7.6212268	-6.97895704	0.642269762	0	0	0	0	0	0	3
84	277	0	0.941069906	-7.26267973	-7.21680654	-7.6212268	-6.97895704	0.642269762	0	0	0	0	0	0	3
85	280	0	0.952273119	-7.32231154	-7.21016398	-7.62044645	-6.97895704	0.641489414	0	0	0	0	0	0	3
86	283	0	0.963476332	-7.25506133	-7.20204431	-7.48833681	-6.97895704	0.509379765	0	0	0	0	0	0	3
87	286	0	0.974679545	-7.34268878	-7.19880769	-7.47274229	-6.97895704	0.493785251	0	0	0	0	0	0	3
88	289	0	0.985882758	-7.25013473	-7.19386085	-7.40132138	-6.97895704	0.422364344	0	0	0	0	0	0	3
89	292	0	0.997085972	-7.34511605	-7.19261185	-7.34675984	-6.97895704	0.3678028	0	0	0	0	0	0	3
90	294	0	1.00828918	-7.28899382	-7.19132816	-7.34511605	-6.97895704	0.366159014	0.287098465	0	78.4	0	0	0	3
91	297	0	1.0194924	-7.34171615	-7.19193528	-7.34511605	-6.97895704	0.366159014	0.287098465	0	78.4	0	0	0	3
92	300	0	1.03069561	-7.27679664	-7.19239927	-7.34511605	-6.97895704	0.366159014	0.287098465	0	78.4	0	0	0	3
93	303	0	1.04189882	-7.35518558	-7.19466868	-7.35518558	-6.97895704	0.376228542	0.287098465	0	76.3	0	0	0	3
94	306	0	1.05310204	-7.27498994	-7.19432943	-7.35518558	-6.97895704	0.376228542	0.287098465	0	76.3	0	0	0	3
95	309	0	1.06430525	-7.37014206	-7.19922448	-7.37014206	-6.97895704	0.391185023	0.287098465	0	73.3	0	0	0	3
96	312	0	1.07550846	-7.298186	-7.20068226	-7.37014206	-6.97895704	0.391185023	0.287098465	0	73.3	0	0	0	3
97	315	0	1.08671168	-7.34535399	-7.20657371	-7.37014206	-6.97895704	0.391185023	0.287098465	0	73.3	0	0	0	3
98	318	0	1.09791489	-7.29586203	-7.20915269	-7.37014206	-6.97895704	0.391185023	0.287098465	0	73.3	0	0	0	3
99	321	0	1.1091181	-7.36640538	-7.21769751	-7.37014206	-6.97895704	0.391185023	0.287098465	0	73.3	0	0	0	3
100	324	0	1.12032132	-7.31064928	-7.22356805	-7.37014206	-6.97895704	0.391185023	0.287098465	0	73.3	0	0	0	3
101	327	0	1.13152453	-7.38106493	-7.23183922	-7.38106493	-6.97895704	0.402107887	0.287098465	0	71.3	0	0	0	3
102	330	0	1.14272774	-7.27590559	-7.2367737	-7.38106493	-6.97895704	0.402107887	0.287098465	0	71.3	0	0	0	3
103	333	0	1.15393096	-7.36639803	-7.2453835	-7.38106493	-7.02669884	0.354366092	0.287098465	0	81	0	0	0	3
104	336	0	1.16513417	-7.31110737	-7.25150475	-7.38106493	-7.02669884	0.354366092	0.287098465	0	81	0	0	0	3
105	339	0	1.17633738	-7.39647551	-7.25972201	-7.39647551	-7.10443532	0.292040189	0.287098465	0	98.3	0	0	0	3
106	342	0	1.1875406	-7.32718309	-7.26421778	-7.39647551	-7.10443532	0.292040189	0.287098465	0	98.3	0	0	0	3
107	345	0	1.19874381	-7.39849464	-7.27075243	-7.39849464	-7.10801697	0.29047767	0.287098465	0	98.8	0	0	0	3
108	348	0	1.20994702	-7.29619133	-7.27493409	-7.39849464	-7.11181201	0.286682631	0.287098465	0	100	0	0	0	3
109	351	0	1.22115023	-7.39403229	-7.28120565	-7.39849464	-7.12487925	0.273615395	0.287098465	0	100	0	0	0	3
110	354	0	1.23235345	-7.3310666	-7.28504799	-7.39849464	-7.12487925	0.273615395	0.287098465	0	100	0	0	0	3
111	356	0	1.24355666	-7.39438453	-7.29072199	-7.39849464	-7.12487925	0.273615395	0.287098465	0	100	0	0	0	3
112	359	0	1.25475987	-7.32953541	-7.29420599	-7.39849464	-7.12487925	0.227400196	0.287098465	0	100	0	0	0	3
113	362	0	1.26596309	-7.43214011	-7.30103401	-7.43214011	-7.17413553	0.143108957	0.287098465	0	100	0	0	0	3
114	365	0	1.2771663	-7.30659063	-7.30319179	-7.43214011	-7.17413553	0.123965949	0.287098465	0	100	0	0	0	3
115	368	0	1.28836951	-7.43425083	-7.30897213	-7.43425083	-7.19103492	0.129746289	0.287098465	0	100	0	0	0	3
116	371	0	1.29957273	-7.30214228	-7.31079535	-7.43425083	-7.19103492	0.131569513	0.287098465	0	100	0	0	0	3
117	374	0	1.31077594	-7.44013563	-7.3162531	-7.44013563	-7.19103492	0.137027259	0.287098465	0	100	0	0	0	3
118	377	0	1.32197915	-7.31439134	-7.31759436	-7.44013563	-7.19103492	0.126266208	0.287098465	0	100	0	0	0	3
119	380	0	1.33318237	-7.41770428	-7.32263146	-7.44013563	-7.2148537	0.131303305	0.287098465	0	100	0	0	0	3
120	383	0	1.34438558	-7.33995859	-7.32449313	-7.44013563	-7.2148537	0.133164977	0.287098465	0	100	0	0	0	3
121	385	0	1.35558879	-7.42990016	-7.32918384	-7.44013563	-7.2148537	0.137855685	0.287098465	0	100	0	0	0	3
122	388	0	1.36679201	-7.3528889	-7.33102579	-7.44013563	-7.2148537	0.139697636	0.287098465	0	100	0	0	0	3
123	391	0	1.37799522	-7.45443778	-7.3359955	-7.45443778	-7.2148537	0.144667345	0.287098465	0	100	0	0	0	3
124	394	0	1.38919843	-7.31312264	-7.33642707	-7.45443778	-7.2148537	0.145098909	0.287098465	0	100	0	0	0	3
125	397	0	1.40040165	-7.46103628	-7.34134168	-7.46103628	-7.2148537	0.150013525	0.287098465	0	100	0	0	0	3
126	400	0	1.41160486	-7.3155278	-7.34158315	-7.46103628	-7.2148537	0.150254992	0.287098465	0	100	0	0	0	3
127	403	0	1.42280807	-7.49193161	-7.34774044	-7.49193161	-7.25013473	0.156412279	0.287098465	0	100	0	0	0	3
128	406	0	1.43401129	-7.31796108	-7.34729405	-7.49193161	-7.25013473	0.156412279	0.287098465	0	100	0	0	0	3
129	409	0	1.4452145	-7.40882214	-7.35054166	-7.49193161	-7.25013473	0.159213503	0.287098465	0	100	0	0	0	3
130	412	0	1.45641771	-7.36587946	-7.35150984	-7.49193161	-7.25013473	0.160181679	0.287098465	0	100	0	0	0	3
131	415	0	1.46762092	-7.35659963	-7.35376624	-7.49193161	-7.25013473	0.162438086	0.287098465	0	100	0	0	0	3
132	418	0	1.47882414	-7.38656827	-7.35474134	-7.49193161	-7.25013473	0.163413185	0.287098465	0	100	0	0	0	3
133	421	0	1.49002735	-7.39630498	-7.35798957	-7.49193161	-7.27498994	0.166661413	0.287098465	0	100	0	0	0	3
134	424	0	1.50123056	-7.39537597	-7.35910646	-7.49193161	-7.27498994	0.1677783	0.287098465	0	100	0	0	0	3
135	427	0	1.51243378	-7.38213621	-7.36117629	-7.49193161	-7.27498994	0.169241008	0.287098465	0	100	0	0	0	3
136	430	0	1.52363699	-7.40609521	-7.36260693	-7.49193161	-7.27498994	0.170207664	0.287098465	0	100	0	0	0	3
137	432	0	1.5348402	-7.41016535	-7.36557068	-7.49193161	-7.27498994	0.171241255	0.287098465	0	100	0	0	0	3
138	435	0	1.54604342	-7.41525915	-7.36690565	-7.49193161	-7.27498994	0.172576223	0.287098465	0	100	0	0	0	3
139	438	0	1.55724663	-7.4336612	-7.37043168	-7.49193161	-7.27590559	0.171207204	0.287098465	0	100	0	0	0	3
140	441	0	1.56844984	-7.39363554	-7.37095376	-7.49193161	-7.27590559	0.170271497	0.287098465	0	100	0	0	0	3
141	444	0	1.57965306	-7.40088376	-7.37323593	-7.49193161	-7.27590559	0.166662223	0.287098465	0	100	0	0	0	3
142	447	0	1.59085627	-7.41007436	-7.37467416	-7.49193161	-7.27590559	0.16552147	0.287098465	0	100	0	0	0	3
143	450	0	1.60205948	-7.41347883	-7.37728787	-7.49193161	-7.27590559	0.159590359	0.287098465	0	100	0	0	0	3
144	453	0	1.6132627	-7.42560513	-7.37860342	-7.49193161	-7.27590559	0.155035371	0.287098465	0	100	0	0	0	3
145	456	0	1.62446591	-7.45783634	-7.38187424	-7.49193161	-7.27590559	0.150035024	0.287098465	0	100	0	0	0	3
146	459	0	1.63566912	-7.41090128	-7.38253727	-7.49193161	-7.27590559	0.145763567	0.287098465	0	100	0	0	0	3
147	462	0	1.64687234	-7.43200925	-7.38600624	-7.49193161	-7.29619133	0.140622738	0.287098465	0	100	0	0	0	3
148	465	0	1.65807555	-7.41592463	-7.38710683	-7.49193161	-7.29619133	0.135602082	0.287098465	0	100	0	0	0	3
149	468	0	1.66927876	-7.43717472	-7.38990833	-7.49193161	-7.29619133	0.130186319	0.287098465	0	100	0	0	0	3
150	471	0	1.68048197	-7.43123419	-7.39068074	-7.49193161	-7.29619133	0.126462961	0.287098465	0	100	0	0	0	3
151	474	0	1.69168519	-7.47602163	-7.39398827	-7.49193161	-7.29619133	0.123235832	0.287098465	0	100	0	0	0	3
152	481	0	1.7028884	-7.41801284	-7.394422	-7.49193161	-7.29619133	0.119487918	0.287098465	0	100	0	0	0	3
153	485	0	1.71409161	-7.45683899	-7.39799195	-7.49193161	-7.30214228	0.116786304	0.287098465	0	100	0	0	0	3
154	489	0	1.72529483	-7.42471427	-7.39867377	-7.49193161	-7.30214228	0.113625784	0.287098465	0	100	0	0	0	3
155	493	0	1.73649804	-7.46708603	-7.40169643	-7.49193161	-7.30214228	0.110974437	0.287098465	0	100	0	0	0	3
156	497	0	1.74770125	-7.42759694	-7.40243448	-7.49193161	-7.30214228	0.108228493	0.287098465	0	100	0	0	0	3
157	501	0	1.75890447	-7.49236094	-7.40605283	-7.49236094	-7.30214228	0.105018819	0.287098465	0	100	0	0	0	3
158	505	0	1.77010768	-7.41951779	-7.40577233	-7.49236094	-7.30214228	0.10286104	0.287098465	0	100	0	0	0	3
159	508	0	1.78131089	-7.47424378	-7.40949796	-7.49236094	-7.30214228	0.10052583	0.287098465	0	100	0	0	0	3
160	512	0	1.79251411	-7.45038953	-7.40985659	-7.49236094	-7.30214228	0.0990612435	0.287098465	0	100	0	0	0	3
161	517	0	1.80371732	-7.47613482	-7.41372309	-7.49236094	-7.31312264	0.0974699978	0.287098465	0	100	0	0	0	3
162	521	0	1.81492053	-7.42637275	-7.41341725	-7.49236094	-7.31312264	0.0961287292	0.287098465	0	100	0	0	0	3
163	526	0	1.82612375	-7.49206791	-7.41736562	-7.49236094	-7.31312264	0.0947341589	0.287098465	0	100	0	0	0	3
164	530	0	1.83732696	-7.42025718	-7.41742235	-7.49236094	-7.31312264	0.092929218	0.287098465	0	100	0	0	0	3
165	533	0	1.84853017	-7.51235943	-7.42125348	-7.51235943	-7.31312264	0.0920696398	0.287098465	0	100	0	0	0	3
