Iteration	CPUTime	PhysTime	Travels	Value	AvValue	MinValue	MaxValue	Delta	Criteria	Progress	dGMaxMin	CriteriaType	CriteriaVarType	CriteriaPercentage
1	12	0	0.0112032132	-14.2691013	-14.2691013	-14.2691013	-14.2691013	0	0	0	0	0	0	0	3
2	15	0	0.0224064263	-11.578416	-12.9237587	-14.2691013	-11.578416	1.34534266	0	0	0	0	0	0	3
3	19	0	0.0336096395	-13.5590124	-13.1355099	-14.2691013	-11.578416	1.34534266	0	0	0	0	0	0	3
4	22	0	0.0448128527	-13.8111239	-13.3044134	-14.2691013	-11.578416	1.34534266	0	0	0	0	0	0	3
5	25	0	0.0560160658	-14.8829871	-13.6201282	-14.8829871	-11.578416	1.34534266	0	0	0	0	0	0	3
6	28	0	0.067219279	-15.5669233	-13.944594	-15.5669233	-11.578416	1.34534266	0	0	0	0	0	0	3
7	32	0	0.0784224922	-16.5670251	-14.319227	-16.5670251	-11.578416	1.39546835	0	0	0	0	0	0	3
8	35	0	0.0896257053	-17.1537788	-14.673546	-17.1537788	-11.578416	1.74978732	0	0	0	0	0	0	3
9	38	0	0.100828918	-17.6256802	-15.0015609	-17.6256802	-11.578416	2.07780224	0	0	0	0	0	0	3
10	41	0	0.112032132	-17.9119538	-15.2926002	-17.9119538	-11.578416	2.36884152	0	0	0	0	0	0	3
11	44	0	0.123235345	-18.7500469	-15.6069135	-18.7500469	-11.578416	2.68315486	0	0	0	0	0	0	3
12	48	0	0.134438558	-19.5807299	-15.9380649	-19.5807299	-11.578416	3.01430622	0	0	0	0	0	0	3
13	51	0	0.145641771	-20.1919536	-16.2652871	-20.1919536	-11.578416	3.34152843	0	0	0	0	0	0	3
14	54	0	0.156844984	-20.6392091	-16.5777101	-20.6392091	-11.578416	3.65395143	0	0	0	0	0	0	3
15	57	0	0.168048197	-20.9810681	-16.8712673	-20.9810681	-11.578416	3.94750863	0	0	0	0	0	0	3
16	60	0	0.179251411	-21.3739287	-17.1526836	-21.3739287	-11.578416	4.22892496	0	0	0	0	0	0	3
17	64	0	0.190454624	-21.6420892	-17.4167663	-21.6420892	-11.578416	4.49300764	0	0	0	0	0	0	3
18	67	0	0.201657837	-21.8503624	-17.6630772	-21.8503624	-11.578416	4.73931854	0	0	0	0	0	0	3
19	70	0	0.21286105	-21.9672824	-17.8896143	-21.9672824	-11.578416	4.96585565	0	0	0	0	0	0	3
20	74	0	0.224064263	-22.0642731	-18.0983473	-22.0642731	-11.578416	5.17458859	0	0	0	0	0	0	3
21	78	0	0.235267476	-22.1071473	-18.2892425	-22.1071473	-11.578416	5.36548383	0	0	0	0	0	0	3
22	82	0	0.24647069	-22.130527	-18.4638464	-22.130527	-11.578416	5.54008767	0	0	0	0	0	0	3
23	86	0	0.257673903	-22.1098949	-18.6223702	-22.130527	-11.578416	5.69861151	0	0	0	0	0	0	3
24	89	0	0.268877116	-22.0903341	-18.7668687	-22.130527	-11.578416	5.84311001	0	0	0	0	0	0	3
25	92	0	0.280080329	-22.0366717	-18.8976608	-22.130527	-11.578416	5.97390213	0	0	0	0	0	0	3
26	96	0	0.291283542	-22.0205896	-19.0177735	-22.130527	-11.578416	6.09401478	0	0	0	0	0	0	3
27	100	0	0.302486755	-21.9713942	-19.1271668	-22.130527	-11.578416	6.20340814	0	0	0	0	0	0	3
28	103	0	0.313689969	-21.9762318	-19.2289191	-22.130527	-11.578416	6.30516046	0	0	0	0	0	0	3
29	106	0	0.324893182	-21.9201084	-19.3217188	-22.130527	-11.578416	6.39796009	0	0	0	0	0	0	3
30	110	0	0.336096395	-21.903901	-19.4077915	-22.130527	-11.578416	6.48403283	0	0	0	0	0	0	3
31	113	0	0.347299608	-21.8208459	-19.485632	-22.130527	-11.578416	6.56187329	0	0	0	0	0	0	3
32	116	0	0.358502821	-21.8096863	-19.5582587	-22.130527	-11.578416	6.63449999	0	0	0	0	0	0	3
33	120	0	0.369706034	-21.725629	-19.6239366	-22.130527	-11.578416	6.70017788	0	0	0	0	0	0	3
34	124	0	0.380909248	-21.7207738	-19.6856082	-22.130527	-11.578416	6.76184956	0	0	0	0	0	0	3
35	127	0	0.392112461	-21.6419905	-19.7415049	-22.130527	-11.578416	6.8177462	0	0	0	0	0	0	3
36	131	0	0.403315674	-21.6568103	-19.7947078	-22.130527	-11.578416	6.87094913	0	0	0	0	0	0	3
37	134	0	0.414518887	-21.5749044	-19.8428212	-22.130527	-11.578416	6.91906255	0	0	0	0	0	0	3
38	137	0	0.4257221	-21.6145827	-19.8894465	-22.130527	-11.578416	6.96568785	0	0	0	0	0	0	3
39	140	0	0.436925313	-21.5479347	-19.9319719	-22.130527	-11.578416	7.00821319	0	0	0	0	0	0	3
40	143	0	0.448128527	-21.595293	-19.9735549	-22.130527	-11.578416	7.04979622	0	0	0	0	0	0	3
41	147	0	0.45933174	-21.5256266	-20.0114103	-22.130527	-11.578416	7.08765162	0	0	0	0	0	0	3
42	150	0	0.470534953	-21.5496501	-20.0480351	-22.130527	-11.578416	7.12427638	0	0	0	0	0	0	3
43	153	0	0.481738166	-21.6248675	-20.0847056	-22.130527	-11.578416	7.1609469	0	0	0	0	0	0	3
44	156	0	0.492941379	-21.5119594	-20.1171432	-22.130527	-11.578416	7.19338449	0	0	0	0	0	0	3
45	159	0	0.504144592	-21.6137448	-20.150401	-22.130527	-11.578416	7.2266423	0	0	0	0	0	0	3
46	162	0	0.515347806	-21.5076109	-20.3112568	-22.130527	-11.578416	7.38749807	0	0	0	0	0	0	3
47	165	0	0.526551019	-21.5012458	-20.5317641	-22.130527	-13.5590124	7.39625417	0	0	0	0	0	0	3
48	169	0	0.537754232	-21.5065282	-20.7083755	-22.130527	-13.8111239	7.40396213	0	0	0	0	0	0	3
49	172	0	0.548957445	-21.5731279	-20.8808645	-22.130527	-14.8829871	7.24753985	0	0	0	0	0	0	3
50	175	0	0.560160658	-21.4737241	-21.0273253	-22.130527	-15.5669233	6.56360365	0	0	0	0	0	0	3
51	178	0	0.571363871	-21.4698538	-21.1585016	-22.130527	-16.5670251	5.56350186	0	0	0	0	0	0	3
52	181	0	0.582567085	-21.5421006	-21.2690588	-22.130527	-17.1537788	4.97674815	0	0	0	0	0	0	3
53	184	0	0.593770298	-21.4396688	-21.3643008	-22.130527	-17.6256802	4.50484673	0	0	0	0	0	0	3
54	187	0	0.604973511	-21.5243009	-21.4509368	-22.130527	-17.9119538	4.21857318	0	0	0	0	0	0	3
55	189	0	0.616176724	-21.4302403	-21.529121	-22.130527	-18.7500469	3.38048009	0	0	0	0	0	0	3
56	192	0	0.627379937	-21.5161552	-21.59059	-22.130527	-19.5807299	2.54979706	0	0	0	0	0	0	3
57	196	0	0.63858315	-21.4207938	-21.6314804	-22.130527	-20.1919536	1.93857342	0	0	0	0	0	0	3
58	199	0	0.649786364	-21.4424932	-21.6592701	-22.130527	-20.6392091	1.49131785	0	0	0	0	0	0	3
59	202	0	0.660989577	-21.5209754	-21.6788649	-22.130527	-20.9810681	1.14945886	0	0	0	0	0	0	3
60	205	0	0.67219279	-21.4209435	-21.6886399	-22.130527	-21.3739287	0.756598265	0	0	0	0	0	0	3
61	208	0	0.683396003	-21.5688484	-21.6929715	-22.130527	-21.4207938	0.709733209	0	0	0	0	0	0	3
62	211	0	0.694599216	-21.479808	-21.6893652	-22.130527	-21.4207938	0.709733209	0	0	0	0	0	0	3
63	214	0	0.705802429	-21.4731439	-21.6809826	-22.130527	-21.4207938	0.709733209	0	0	0	0	0	0	3
64	217	0	0.717005643	-21.4707725	-21.669949	-22.130527	-21.4207938	0.709733209	0	0	0	0	0	0	3
65	220	0	0.728208856	-21.5877766	-21.6593602	-22.130527	-21.4207938	0.709733209	0	0	0	0	0	0	3
66	223	0	0.739412069	-21.5011829	-21.6458944	-22.130527	-21.4207938	0.709733209	0	0	0	0	0	0	3
67	226	0	0.750615282	-21.5095902	-21.6320958	-22.1098949	-21.4207938	0.689101089	0	0	0	0	0	0	3
68	229	0	0.761818495	-21.580962	-21.6203417	-22.0903341	-21.4207938	0.669540351	0	0	0	0	0	0	3
69	232	0	0.773021708	-21.5020943	-21.6072697	-22.0366717	-21.4207938	0.615877959	0	0	0	0	0	0	3
70	235	0	0.784224922	-21.5803298	-21.5971288	-22.0205896	-21.4207938	0.599795873	0	0	0	0	0	0	3
71	238	0	0.795428135	-21.5077347	-21.585732	-21.9762318	-21.4207938	0.555438076	0	0	0	0	0	0	3
72	241	0	0.806631348	-21.5867838	-21.5771851	-21.9762318	-21.4207938	0.555438076	0	0	0	0	0	0	3
73	244	0	0.817834561	-21.511989	-21.5668686	-21.9201084	-21.4207938	0.499314659	0	0	0	0	0	0	3
74	247	0	0.829037774	-21.590957	-21.5595541	-21.903901	-21.4207938	0.483107196	0	0	0	0	0	0	3
75	250	0	0.840240987	-21.5148117	-21.5509077	-21.8208459	-21.4207938	0.400052114	0	0	0	0	0	0	3
76	253	0	0.851444201	-21.4529024	-21.5427312	-21.8096863	-21.4207938	0.388892531	0	0	0	0	0	0	3
77	256	0	0.862647414	-21.6297862	-21.5387334	-21.725629	-21.4207938	0.304835251	0	0	0	0	0	0	3
78	259	0	0.873850627	-21.5270083	-21.5343196	-21.7207738	-21.4207938	0.29998	0	0	0	0	0	0	3
79	262	0	0.88505384	-21.6302326	-21.5323076	-21.6568103	-21.4207938	0.236016511	0	0	0	0	0	0	3
80	265	0	0.896257053	-21.541337	-21.5300708	-21.6568103	-21.4207938	0.236016511	0	0	0	0	0	0	3
81	268	0	0.907460266	-21.5406175	-21.5274888	-21.6302326	-21.4207938	0.209438806	0	0	0	0	0	0	3
82	271	0	0.918663479	-21.5419311	-21.526756	-21.6302326	-21.4207938	0.209438806	0	0	0	0	0	0	3
83	274	0	0.929866693	-21.6347019	-21.5272031	-21.6347019	-21.4207938	0.213908132	0	0	0	0	0	0	3
84	277	0	0.941069906	-21.5485047	-21.5272158	-21.6347019	-21.4207938	0.213908132	0	0	0	0	0	0	3
85	280	0	0.952273119	-21.5489971	-21.526187	-21.6347019	-21.4207938	0.213908132	0	0	0	0	0	0	3
86	283	0	0.963476332	-21.618964	-21.5282612	-21.6347019	-21.4207938	0.213908132	0	0	0	0	0	0	3
87	286	0	0.974679545	-21.5370824	-21.5279819	-21.6347019	-21.4207938	0.213908132	0	0	0	0	0	0	3
88	289	0	0.985882758	-21.6161388	-21.5277879	-21.6347019	-21.4207938	0.213908132	0	0	0	0	0	0	3
89	292	0	0.997085972	-21.538369	-21.5283748	-21.6347019	-21.4207938	0.213908132	0	0	0	0	0	0	3
90	294	0	1.00828918	-21.6176004	-21.5284605	-21.6347019	-21.4207938	0.213908132	0.257145438	0	100	0	0	0	3
91	297	0	1.0194924	-21.5404476	-21.5291902	-21.6347019	-21.4207938	0.213908132	0.257145438	0	100	0	0	0	3
92	300	0	1.03069561	-21.6197257	-21.5318231	-21.6347019	-21.4207938	0.213908132	0.257145438	0	100	0	0	0	3
93	303	0	1.04189882	-21.54159	-21.5326022	-21.6347019	-21.4207938	0.213908132	0.257145438	0	100	0	0	0	3
94	306	0	1.05310204	-21.6167121	-21.5335707	-21.6347019	-21.4207938	0.213908132	0.257145438	0	100	0	0	0	3
95	309	0	1.06430525	-21.6270793	-21.5369786	-21.6347019	-21.4207938	0.213908132	0.257145438	0	100	0	0	0	3
96	312	0	1.07550846	-21.5377769	-21.538488	-21.6347019	-21.4207938	0.213908132	0.257145438	0	100	0	0	0	3
97	315	0	1.08671168	-21.6441363	-21.5407555	-21.6441363	-21.4207938	0.223342504	0.257145438	0	100	0	0	0	3
98	318	0	1.09791489	-21.5498131	-21.5432031	-21.6441363	-21.4207938	0.223342504	0.257145438	0	100	0	0	0	3
99	321	0	1.1091181	-21.627536	-21.5454973	-21.6441363	-21.4207938	0.166784496	0.257145438	0	100	0	0	0	3
100	324	0	1.12032132	-21.5478927	-21.5481118	-21.6441363	-21.4207938	0.166784496	0.257145438	0	100	0	0	0	3
101	327	0	1.13152453	-21.5513379	-21.5488936	-21.6441363	-21.4207938	0.166784496	0.257145438	0	100	0	0	0	3
102	330	0	1.14272774	-21.6307697	-21.5535597	-21.6441363	-21.4209435	0.166784496	0.257145438	0	100	0	0	0	3
103	333	0	1.15393096	-21.5436937	-21.5558086	-21.6441363	-21.4209435	0.166784496	0.257145438	0	100	0	0	0	3
104	336	0	1.16513417	-21.5525832	-21.556511	-21.6441363	-21.4209435	0.166784496	0.257145438	0	100	0	0	0	3
105	339	0	1.17633738	-21.6491502	-21.5615823	-21.6491502	-21.4529024	0.166784496	0.257145438	0	100	0	0	0	3
106	342	0	1.1875406	-21.5619485	-21.5614289	-21.6491502	-21.4529024	0.163178247	0.257145438	0	100	0	0	0	3
107	345	0	1.19874381	-21.562942	-21.5632764	-21.6491502	-21.4529024	0.154795613	0.257145438	0	100	0	0	0	3
108	348	0	1.20994702	-21.6327697	-21.5668236	-21.6491502	-21.4529024	0.14376206	0.257145438	0	100	0	0	0	3
109	351	0	1.22115023	-21.549915	-21.5685823	-21.6491502	-21.4529024	0.13317325	0.257145438	0	100	0	0	0	3
110	354	0	1.23235345	-21.6274137	-21.5694632	-21.6491502	-21.4529024	0.119707376	0.257145438	0	100	0	0	0	3
111	356	0	1.24355666	-21.5505347	-21.5705599	-21.6491502	-21.4529024	0.10590878	0.257145438	0	100	0	0	0	3
112	359	0	1.25475987	-21.6274314	-21.5731786	-21.6491502	-21.4529024	0.0941547176	0.257145438	0	100	0	0	0	3
113	362	0	1.26596309	-21.5503314	-21.5724979	-21.6491502	-21.4529024	0.0810827215	0.257145438	0	100	0	0	0	3
114	365	0	1.2771663	-21.6312451	-21.5753679	-21.6491502	-21.4529024	0.0709417907	0.257145438	0	100	0	0	0	3
115	368	0	1.28836951	-21.5506845	-21.5747091	-21.6491502	-21.4529024	0.0595450143	0.257145438	0	100	0	0	0	3
116	371	0	1.29957273	-21.5592156	-21.5758531	-21.6491502	-21.4529024	0.0509981181	0.257145438	0	100	0	0	0	3
117	374	0	1.31077594	-21.6547984	-21.5773646	-21.6547984	-21.4529024	0.0511775782	0.257145438	0	100	0	0	0	3
118	377	0	1.32197915	-21.5625247	-21.5784876	-21.6547984	-21.4529024	0.0523005945	0.257145438	0	100	0	0	0	3
119	380	0	1.33318237	-21.6407686	-21.5795945	-21.6547984	-21.4529024	0.0534075195	0.257145438	0	100	0	0	0	3
120	383	0	1.34438558	-21.5578022	-21.5805499	-21.6547984	-21.4529024	0.0543628648	0.257145438	0	100	0	0	0	3
121	385	0	1.35558879	-21.5639555	-21.5830177	-21.6547984	-21.5270083	0.0568307109	0.257145438	0	100	0	0	0	3
122	388	0	1.36679201	-21.6398904	-21.5832422	-21.6547984	-21.5270083	0.0570552478	0.257145438	0	100	0	0	0	3
123	391	0	1.37799522	-21.5563568	-21.5838944	-21.6547984	-21.5370824	0.0577074379	0.257145438	0	100	0	0	0	3
124	394	0	1.38919843	-21.6339843	-21.5839778	-21.6547984	-21.5370824	0.0577908086	0.257145438	0	100	0	0	0	3
125	397	0	1.40040165	-21.5542503	-21.5842648	-21.6547984	-21.5370824	0.0580777697	0.257145438	0	100	0	0	0	3
126	400	0	1.41160486	-21.5615737	-21.5847305	-21.6547984	-21.5370824	0.0585434639	0.257145438	0	100	0	0	0	3
127	403	0	1.42280807	-21.6575139	-21.587299	-21.6575139	-21.5370824	0.0611119711	0.257145438	0	100	0	0	0	3
128	406	0	1.43401129	-21.5715132	-21.5858948	-21.6575139	-21.5370824	0.0611119711	0.257145438	0	100	0	0	0	3
129	409	0	1.4452145	-21.5702688	-21.5863784	-21.6575139	-21.5370824	0.0611119711	0.257145438	0	100	0	0	0	3
130	412	0	1.45641771	-21.6408972	-21.5884206	-21.6575139	-21.5370824	0.0606327375	0.257145438	0	100	0	0	0	3
131	415	0	1.46762092	-21.5563349	-21.5870289	-21.6575139	-21.5370824	0.0606327375	0.257145438	0	100	0	0	0	3
132	418	0	1.47882414	-21.6360992	-21.5892292	-21.6575139	-21.5377769	0.061441351	0.257145438	0	100	0	0	0	3
133	421	0	1.49002735	-21.5554751	-21.5878812	-21.6575139	-21.5377769	0.0608544698	0.257145438	0	100	0	0	0	3
134	424	0	1.50123056	-21.6360737	-21.5900524	-21.6575139	-21.5377769	0.0615919226	0.257145438	0	100	0	0	0	3
135	427	0	1.51243378	-21.5545942	-21.5886522	-21.6575139	-21.5377769	0.0608622186	0.257145438	0	100	0	0	0	3
136	430	0	1.52363699	-21.631745	-21.5906811	-21.6575139	-21.5377769	0.058858023	0.257145438	0	100	0	0	0	3
137	432	0	1.5348402	-21.6383172	-21.5910942	-21.6575139	-21.5377769	0.0584920152	0.257145438	0	100	0	0	0	3
138	435	0	1.54604342	-21.5526411	-21.5913398	-21.6575139	-21.5377769	0.0577690582	0.257145438	0	100	0	0	0	3
139	438	0	1.55724663	-21.6567786	-21.5922302	-21.6575139	-21.5377769	0.0552515315	0.257145438	0	100	0	0	0	3
140	441	0	1.56844984	-21.5705437	-21.5909738	-21.6575139	-21.5377769	0.0537421285	0.257145438	0	100	0	0	0	3
141	444	0	1.57965306	-21.5662051	-21.5916056	-21.6575139	-21.5436937	0.0514746703	0.257145438	0	100	0	0	0	3
142	447	0	1.59085627	-21.6441538	-21.5916059	-21.6575139	-21.5436937	0.0490270196	0.257145438	0	100	0	0	0	3
143	450	0	1.60205948	-21.5513479	-21.5916401	-21.6575139	-21.5436937	0.0467329059	0.257145438	0	100	0	0	0	3
144	453	0	1.6132627	-21.6386831	-21.5918878	-21.6575139	-21.5436937	0.0441184101	0.257145438	0	100	0	0	0	3
145	456	0	1.62446591	-21.5508873	-21.5919543	-21.6575139	-21.5436937	0.043336573	0.257145438	0	100	0	0	0	3
146	459	0	1.63566912	-21.6323847	-21.5937554	-21.6575139	-21.5436937	0.0401956317	0.257145438	0	100	0	0	0	3
147	462	0	1.64687234	-21.6345826	-21.5938401	-21.6575139	-21.5436937	0.0380314619	0.257145438	0	100	0	0	0	3
148	465	0	1.65807555	-21.5552913	-21.5940978	-21.6575139	-21.549915	0.0375867909	0.257145438	0	100	0	0	0	3
149	468	0	1.66927876	-21.5735396	-21.5945635	-21.6575139	-21.549915	0.0331345613	0.257145438	0	100	0	0	0	3
150	471	0	1.68048197	-21.6399982	-21.5943601	-21.6575139	-21.549915	0.0331345613	0.257145438	0	100	0	0	0	3
151	474	0	1.69168519	-21.5508014	-21.5941124	-21.6575139	-21.549915	0.031287137	0.257145438	0	100	0	0	0	3
152	481	0	1.7028884	-21.6344947	-21.5957025	-21.6575139	-21.549915	0.0288788683	0.257145438	0	100	0	0	0	3
153	485	0	1.71409161	-21.550875	-21.5938826	-21.6575139	-21.549915	0.0271201465	0.257145438	0	100	0	0	0	3
154	489	0	1.72529483	-21.6351746	-21.5957773	-21.6575139	-21.5503314	0.0263140995	0.257145438	0	100	0	0	0	3
155	493	0	1.73649804	-21.5518753	-21.5940986	-21.6575139	-21.5503314	0.0252173946	0.257145438	0	100	0	0	0	3
156	497	0	1.74770125	-21.6363044	-21.5960046	-21.6575139	-21.5503314	0.0235067433	0.257145438	0	100	0	0	0	3
157	501	0	1.75890447	-21.5507323	-21.5943002	-21.6575139	-21.5503314	0.0235067433	0.257145438	0	100	0	0	0	3
158	505	0	1.77010768	-21.562507	-21.5945708	-21.6575139	-21.5506845	0.0212955091	0.257145438	0	100	0	0	0	3
159	508	0	1.78131089	-21.6533538	-21.5950621	-21.6575139	-21.5506845	0.0212955091	0.257145438	0	100	0	0	0	3
160	512	0	1.79251411	-21.5644105	-21.5953671	-21.6575139	-21.5507323	0.0201514893	0.257145438	0	100	0	0	0	3
161	517	0	1.80371732	-21.6386667	-21.5971327	-21.6575139	-21.5507323	0.0197681009	0.257145438	0	100	0	0	0	3
162	521	0	1.81492053	-21.5545207	-21.5949043	-21.6575139	-21.5507323	0.0186450845	0.257145438	0	100	0	0	0	3
163	526	0	1.82612375	-21.5614458	-21.5948803	-21.6575139	-21.5507323	0.0175381595	0.257145438	0	100	0	0	0	3
164	530	0	1.83732696	-21.6399765	-21.5948627	-21.6575139	-21.5507323	0.0165828142	0.257145438	0	100	0	0	0	3
165	533	0	1.84853017	-21.5523529	-21.5947416	-21.6575139	-21.5507323	0.0141149681	0.257145438	0	100	0	0	0	3
