Iteration	CPUTime	PhysTime	Travels	Value	AvValue	MinValue	MaxValue	Delta	Criteria	Progress	dGMaxMin	CriteriaType	CriteriaVarType	CriteriaPercentage
1	12	0	0.0112032132	12.8167556	12.8167556	12.8167556	12.8167556	0	0	0	0	0	0	0	3
2	15	0	0.0224064263	12.3007788	12.5587672	12.3007788	12.8167556	0.257988379	0	0	0	0	0	0	3
3	19	0	0.0336096395	13.5588887	12.8921411	12.3007788	13.5588887	0.333373847	0	0	0	0	0	0	3
4	22	0	0.0448128527	13.8057545	13.1205444	12.3007788	13.8057545	0.561777217	0	0	0	0	0	0	3
5	25	0	0.0560160658	14.8862649	13.4736885	12.3007788	14.8862649	0.914921313	0	0	0	0	0	0	3
6	28	0	0.067219279	15.567412	13.8226424	12.3007788	15.567412	1.26387523	0	0	0	0	0	0	3
7	32	0	0.0784224922	16.557619	14.2133534	12.3007788	16.557619	1.65458617	0	0	0	0	0	0	3
8	35	0	0.0896257053	17.1386081	14.5790102	12.3007788	17.1386081	2.02024301	0	0	0	0	0	0	3
9	38	0	0.100828918	17.6016874	14.9148632	12.3007788	17.6016874	2.35609603	0	0	0	0	0	0	3
10	41	0	0.112032132	17.8957353	15.2129504	12.3007788	17.8957353	2.65418324	0	0	0	0	0	0	3
11	44	0	0.123235345	18.7453929	15.5340816	12.3007788	18.7453929	2.97531437	0	0	0	0	0	0	3
12	48	0	0.134438558	19.5688184	15.8703096	12.3007788	19.5688184	3.31154244	0	0	0	0	0	0	3
13	51	0	0.145641771	20.1627798	16.2004997	12.3007788	20.1627798	3.64173245	0	0	0	0	0	0	3
14	54	0	0.156844984	20.6059222	16.5151727	12.3007788	20.6059222	3.95640549	0	0	0	0	0	0	3
15	57	0	0.168048197	20.9562902	16.8112472	12.3007788	20.9562902	4.25247999	0	0	0	0	0	0	3
16	60	0	0.179251411	21.3259101	17.0934136	12.3007788	21.3259101	4.53464643	0	0	0	0	0	0	3
17	64	0	0.190454624	21.6002588	17.3585222	12.3007788	21.6002588	4.79975497	0	0	0	0	0	0	3
18	67	0	0.201657837	21.7754461	17.6039068	12.3007788	21.7754461	5.04513963	0	0	0	0	0	0	3
19	70	0	0.21286105	21.9177463	17.830951	12.3007788	21.9177463	5.27218381	0	0	0	0	0	0	3
20	74	0	0.224064263	21.9717395	18.0379904	12.3007788	21.9717395	5.47922324	0	0	0	0	0	0	3
21	78	0	0.235267476	22.0170504	18.2274695	12.3007788	22.0170504	5.66870228	0	0	0	0	0	0	3
22	82	0	0.24647069	22.0000671	18.3989512	12.3007788	22.0170504	5.84018399	0	0	0	0	0	0	3
23	86	0	0.257673903	22.0143026	18.5561404	12.3007788	22.0170504	5.99737318	0	0	0	0	0	0	3
24	89	0	0.268877116	21.9565517	18.6978242	12.3007788	22.0170504	6.13905699	0	0	0	0	0	0	3
25	92	0	0.280080329	21.9408647	18.8275458	12.3007788	22.0170504	6.26877861	0	0	0	0	0	0	3
26	96	0	0.291283542	21.8759285	18.9447913	12.3007788	22.0170504	6.3860241	0	0	0	0	0	0	3
27	100	0	0.302486755	21.8782475	19.0534378	12.3007788	22.0170504	6.49467062	0	0	0	0	0	0	3
28	103	0	0.313689969	21.8389247	19.1529195	12.3007788	22.0170504	6.5941523	0	0	0	0	0	0	3
29	106	0	0.324893182	21.834167	19.2453763	12.3007788	22.0170504	6.68660911	0	0	0	0	0	0	3
30	110	0	0.336096395	21.7739411	19.3296618	12.3007788	22.0170504	6.7708946	0	0	0	0	0	0	3
31	113	0	0.347299608	21.7697856	19.4083755	12.3007788	22.0170504	6.84960827	0	0	0	0	0	0	3
32	116	0	0.358502821	21.6821852	19.479432	12.3007788	22.0170504	6.92066483	0	0	0	0	0	0	3
33	120	0	0.369706034	21.6820495	19.546178	12.3007788	22.0170504	6.98741081	0	0	0	0	0	0	3
34	124	0	0.380909248	21.6114206	19.6069204	12.3007788	22.0170504	7.04815324	0	0	0	0	0	0	3
35	127	0	0.392112461	21.6211206	19.664469	12.3007788	22.0170504	7.10570182	0	0	0	0	0	0	3
36	131	0	0.403315674	21.5491206	19.7168205	12.3007788	22.0170504	7.15805325	0	0	0	0	0	0	3
37	134	0	0.414518887	21.5928777	19.7675247	12.3007788	22.0170504	7.2087575	0	0	0	0	0	0	3
38	137	0	0.4257221	21.5268528	19.8138228	12.3007788	22.0170504	7.25505561	0	0	0	0	0	0	3
39	140	0	0.436925313	21.5737179	19.8589483	12.3007788	22.0170504	7.30018112	0	0	0	0	0	0	3
40	143	0	0.448128527	21.5149804	19.9003491	12.3007788	22.0170504	7.34158193	0	0	0	0	0	0	3
41	147	0	0.45933174	21.5711873	19.9411013	12.3007788	22.0170504	7.38233407	0	0	0	0	0	0	3
42	150	0	0.470534953	21.5838659	19.9802147	12.3007788	22.0170504	7.42144752	0	0	0	0	0	0	3
43	153	0	0.481738166	21.4814574	20.0151273	12.3007788	22.0170504	7.45636014	0	0	0	0	0	0	3
44	156	0	0.492941379	21.5891963	20.0509016	12.3007788	22.0170504	7.49213443	0	0	0	0	0	0	3
45	159	0	0.504144592	21.4801539	20.0826628	12.3007788	22.0170504	7.52389559	0	0	0	0	0	0	3
46	162	0	0.515347806	21.486183	20.2753167	12.3007788	22.0170504	7.71654954	0	0	0	0	0	0	3
47	165	0	0.526551019	21.5493741	20.4808411	13.5588887	22.0170504	7.58870003	0	0	0	0	0	0	3
48	169	0	0.537754232	21.5296866	20.6579699	13.8057545	22.0170504	7.5374255	0	0	0	0	0	0	3
49	172	0	0.548957445	21.4366649	20.8275457	14.8862649	22.0170504	7.1307855	0	0	0	0	0	0	3
50	175	0	0.560160658	21.4528631	20.9734701	15.567412	22.0170504	6.44963839	0	0	0	0	0	0	3
51	178	0	0.571363871	21.5149622	21.1056379	16.557619	22.0170504	5.4594314	0	0	0	0	0	0	3
52	181	0	0.582567085	21.4091864	21.2134505	17.1386081	22.0170504	4.8784423	0	0	0	0	0	0	3
53	184	0	0.593770298	21.4911062	21.3101727	17.6016874	22.0170504	4.415363	0	0	0	0	0	0	3
54	187	0	0.604973511	21.3959835	21.3944904	17.8957353	22.0170504	4.12131507	0	0	0	0	0	0	3
55	189	0	0.616176724	21.4783163	21.4741033	18.7453929	22.0170504	3.27165752	0	0	0	0	0	0	3
56	192	0	0.627379937	21.3853431	21.5327688	19.5688184	22.0170504	2.44823198	0	0	0	0	0	0	3
57	196	0	0.63858315	21.4610079	21.5748175	20.1627798	22.0170504	1.85427059	0	0	0	0	0	0	3
58	199	0	0.649786364	21.4622888	21.6036955	20.6059222	22.0170504	1.41112817	0	0	0	0	0	0	3
59	202	0	0.660989577	21.3637171	21.6205354	20.9562902	22.0170504	1.06076018	0	0	0	0	0	0	3
60	205	0	0.67219279	21.5237608	21.6331458	21.3259101	22.0170504	0.691140279	0	0	0	0	0	0	3
61	208	0	0.683396003	21.4217969	21.6352766	21.3637171	22.0170504	0.653333343	0	0	0	0	0	0	3
62	211	0	0.694599216	21.459119	21.6321402	21.3637171	22.0170504	0.653333343	0	0	0	0	0	0	3
63	214	0	0.705802429	21.5006679	21.626034	21.3637171	22.0170504	0.653333343	0	0	0	0	0	0	3
64	217	0	0.717005643	21.5068402	21.6169028	21.3637171	22.0170504	0.653333343	0	0	0	0	0	0	3
65	220	0	0.728208856	21.4416833	21.6051237	21.3637171	22.0170504	0.653333343	0	0	0	0	0	0	3
66	223	0	0.739412069	21.4700324	21.5929678	21.3637171	22.0143026	0.650585569	0	0	0	0	0	0	3
67	226	0	0.750615282	21.526892	21.5824528	21.3637171	22.0143026	0.650585569	0	0	0	0	0	0	3
68	229	0	0.761818495	21.4489167	21.5698887	21.3637171	21.9565517	0.592834654	0	0	0	0	0	0	3
69	232	0	0.773021708	21.526111	21.5603233	21.3637171	21.9408647	0.577147655	0	0	0	0	0	0	3
70	235	0	0.784224922	21.4540827	21.5495059	21.3637171	21.8782475	0.514530459	0	0	0	0	0	0	3
71	238	0	0.795428135	21.5334455	21.5418952	21.3637171	21.8782475	0.514530459	0	0	0	0	0	0	3
72	241	0	0.806631348	21.4607383	21.5326172	21.3637171	21.8389247	0.47520764	0	0	0	0	0	0	3
73	244	0	0.817834561	21.5394945	21.5259632	21.3637171	21.834167	0.470449943	0	0	0	0	0	0	3
74	247	0	0.829037774	21.4664011	21.5177906	21.3637171	21.7739411	0.410224093	0	0	0	0	0	0	3
75	250	0	0.840240987	21.5402904	21.5125984	21.3637171	21.7697856	0.406068511	0	0	0	0	0	0	3
76	253	0	0.851444201	21.5564832	21.5078583	21.3637171	21.6821852	0.318468182	0	0	0	0	0	0	3
77	256	0	0.862647414	21.4662103	21.5030589	21.3637171	21.6820495	0.318332482	0	0	0	0	0	0	3
78	259	0	0.873850627	21.5793682	21.5007771	21.3637171	21.6211206	0.257403552	0	0	0	0	0	0	3
79	262	0	0.88505384	21.4826843	21.4979163	21.3637171	21.6211206	0.257403552	0	0	0	0	0	0	3
80	265	0	0.896257053	21.5004288	21.4952342	21.3637171	21.5928777	0.229160604	0	0	0	0	0	0	3
81	268	0	0.907460266	21.5600058	21.4954761	21.3637171	21.5928777	0.229160604	0	0	0	0	0	0	3
82	271	0	0.918663479	21.565908	21.4948768	21.3637171	21.5891963	0.22547922	0	0	0	0	0	0	3
83	274	0	0.929866693	21.4810287	21.4938585	21.3637171	21.5891963	0.22547922	0	0	0	0	0	0	3
84	277	0	0.941069906	21.5092	21.4924248	21.3637171	21.5891963	0.22547922	0	0	0	0	0	0	3
85	280	0	0.952273119	21.5710698	21.4936712	21.3637171	21.5891963	0.22547922	0	0	0	0	0	0	3
86	283	0	0.963476332	21.4868083	21.4917961	21.3637171	21.5891963	0.22547922	0	0	0	0	0	0	3
87	286	0	0.974679545	21.56574	21.4913933	21.3637171	21.5891963	0.22547922	0	0	0	0	0	0	3
88	289	0	0.985882758	21.4886704	21.4915536	21.3637171	21.5891963	0.22547922	0	0	0	0	0	0	3
89	292	0	0.997085972	21.5676014	21.4910737	21.3637171	21.5793682	0.215651109	0	0	0	0	0	0	3
90	294	0	1.00828918	21.490803	21.4913104	21.3637171	21.5793682	0.215651109	0.25374485	0	100	0	0	0	3
91	297	0	1.0194924	21.5671977	21.4931107	21.3637171	21.5793682	0.215651109	0.25374485	0	100	0	0	0	3
92	300	0	1.03069561	21.4936275	21.4918719	21.3637171	21.5793682	0.215651109	0.25374485	0	100	0	0	0	3
93	303	0	1.04189882	21.5716478	21.4928043	21.3637171	21.5793682	0.215651109	0.25374485	0	100	0	0	0	3
94	306	0	1.05310204	21.4922506	21.4940396	21.3637171	21.5793682	0.215651109	0.25374485	0	100	0	0	0	3
95	309	0	1.06430525	21.5007322	21.4951033	21.3637171	21.5793682	0.215651109	0.25374485	0	100	0	0	0	3
96	312	0	1.07550846	21.6002751	21.4969992	21.3637171	21.6002751	0.236558067	0.25374485	0	100	0	0	0	3
97	315	0	1.08671168	21.4971489	21.4989539	21.3637171	21.6002751	0.236558067	0.25374485	0	100	0	0	0	3
98	318	0	1.09791489	21.6029976	21.5014404	21.3637171	21.6029976	0.239280591	0.25374485	0	100	0	0	0	3
99	321	0	1.1091181	21.5039147	21.5038388	21.3637171	21.6029976	0.161173353	0.25374485	0	100	0	0	0	3
100	324	0	1.12032132	21.5136976	21.5046251	21.3637171	21.6029976	0.144202931	0.25374485	0	100	0	0	0	3
101	327	0	1.13152453	21.577934	21.5089049	21.3637171	21.6029976	0.144202931	0.25374485	0	100	0	0	0	3
102	330	0	1.14272774	21.4919629	21.5095928	21.3637171	21.6029976	0.144202931	0.25374485	0	100	0	0	0	3
103	333	0	1.15393096	21.5705866	21.5119994	21.3637171	21.6029976	0.144202931	0.25374485	0	100	0	0	0	3
104	336	0	1.16513417	21.5766049	21.5167302	21.4217969	21.6029976	0.144202931	0.25374485	0	100	0	0	0	3
105	339	0	1.17633738	21.4960299	21.516114	21.4217969	21.6029976	0.144202931	0.25374485	0	100	0	0	0	3
106	342	0	1.1875406	21.5185757	21.5182646	21.4416833	21.6029976	0.14106649	0.25374485	0	100	0	0	0	3
107	345	0	1.19874381	21.5832306	21.5210227	21.4416833	21.6029976	0.134960309	0.25374485	0	100	0	0	0	3
108	348	0	1.20994702	21.4950703	21.5208983	21.4416833	21.6029976	0.125829062	0.25374485	0	100	0	0	0	3
109	351	0	1.22115023	21.5766864	21.5224504	21.4416833	21.6029976	0.114050036	0.25374485	0	100	0	0	0	3
110	354	0	1.23235345	21.495726	21.5236514	21.4489167	21.6029976	0.10189408	0.25374485	0	100	0	0	0	3
111	356	0	1.24355666	21.5765679	21.5260188	21.4489167	21.6029976	0.0913790786	0.25374485	0	100	0	0	0	3
112	359	0	1.25475987	21.4955147	21.5253216	21.4489167	21.6029976	0.0788149474	0.25374485	0	100	0	0	0	3
113	362	0	1.26596309	21.5770781	21.5281696	21.4540827	21.6029976	0.0692495985	0.25374485	0	100	0	0	0	3
114	365	0	1.2771663	21.4956496	21.5274927	21.4540827	21.6029976	0.0584322206	0.25374485	0	100	0	0	0	3
115	368	0	1.28836951	21.5725415	21.5301251	21.4607383	21.6029976	0.0508214861	0.25374485	0	100	0	0	0	3
116	371	0	1.29957273	21.5805038	21.5311708	21.4607383	21.6029976	0.0415435031	0.25374485	0	100	0	0	0	3
117	374	0	1.31077594	21.4916525	21.5318578	21.4662103	21.6029976	0.0407840957	0.25374485	0	100	0	0	0	3
118	377	0	1.32197915	21.6023952	21.5332556	21.4662103	21.6029976	0.042181891	0.25374485	0	100	0	0	0	3
119	380	0	1.33318237	21.5061482	21.5341389	21.4662103	21.6029976	0.0430651605	0.25374485	0	100	0	0	0	3
120	383	0	1.34438558	21.5147749	21.5335719	21.4662103	21.6029976	0.0430651605	0.25374485	0	100	0	0	0	3
121	385	0	1.35558879	21.5808814	21.534114	21.4662103	21.6029976	0.0430651605	0.25374485	0	100	0	0	0	3
122	388	0	1.36679201	21.4919113	21.5346852	21.4810287	21.6029976	0.0436114645	0.25374485	0	100	0	0	0	3
123	391	0	1.37799522	21.5766684	21.5346252	21.4810287	21.6029976	0.0436114645	0.25374485	0	100	0	0	0	3
124	394	0	1.38919843	21.4923051	21.534839	21.4810287	21.6029976	0.043765265	0.25374485	0	100	0	0	0	3
125	397	0	1.40040165	21.5707392	21.5364014	21.4810287	21.6029976	0.0453277162	0.25374485	0	100	0	0	0	3
126	400	0	1.41160486	21.5776249	21.536793	21.4810287	21.6029976	0.0457192509	0.25374485	0	100	0	0	0	3
127	403	0	1.42280807	21.4937693	21.5351899	21.4810287	21.6029976	0.0457192509	0.25374485	0	100	0	0	0	3
128	406	0	1.43401129	21.5193876	21.5360423	21.4868083	21.6029976	0.0457192509	0.25374485	0	100	0	0	0	3
129	409	0	1.4452145	21.5806848	21.5376309	21.4868083	21.6029976	0.0465571439	0.25374485	0	100	0	0	0	3
130	412	0	1.45641771	21.4936529	21.5359105	21.4868083	21.6029976	0.0465571439	0.25374485	0	100	0	0	0	3
131	415	0	1.46762092	21.5738192	21.5378441	21.4886704	21.6029976	0.0467703433	0.25374485	0	100	0	0	0	3
132	418	0	1.47882414	21.4939191	21.536248	21.4886704	21.6029976	0.0467703433	0.25374485	0	100	0	0	0	3
133	421	0	1.49002735	21.5736035	21.5381354	21.490803	21.6029976	0.0470617275	0.25374485	0	100	0	0	0	3
134	424	0	1.50123056	21.4929995	21.5364776	21.490803	21.6029976	0.0468250802	0.25374485	0	100	0	0	0	3
135	427	0	1.51243378	21.574606	21.5383399	21.4916525	21.6029976	0.0464680338	0.25374485	0	100	0	0	0	3
136	430	0	1.52363699	21.491724	21.5366627	21.4916525	21.6029976	0.0464680338	0.25374485	0	100	0	0	0	3
137	432	0	1.5348402	21.5001924	21.5368086	21.4916525	21.6029976	0.0455355634	0.25374485	0	100	0	0	0	3
138	435	0	1.54604342	21.5986309	21.5374082	21.4916525	21.6029976	0.0443003242	0.25374485	0	100	0	0	0	3
139	438	0	1.55724663	21.5040874	21.5376713	21.4916525	21.6029976	0.0432365664	0.25374485	0	100	0	0	0	3
140	441	0	1.56844984	21.5174965	21.5380438	21.4916525	21.6029976	0.041340724	0.25374485	0	100	0	0	0	3
141	444	0	1.57965306	21.5796039	21.5375844	21.4916525	21.6029976	0.0393860021	0.25374485	0	100	0	0	0	3
142	447	0	1.59085627	21.4933879	21.5375009	21.4916525	21.6029976	0.0368995262	0.25374485	0	100	0	0	0	3
143	450	0	1.60205948	21.5751486	21.536882	21.4916525	21.6023952	0.034501055	0.25374485	0	100	0	0	0	3
144	453	0	1.6132627	21.4929956	21.5366393	21.4916525	21.6023952	0.0337148045	0.25374485	0	100	0	0	0	3
145	456	0	1.62446591	21.5764551	21.538034	21.4916525	21.6023952	0.0294350073	0.25374485	0	100	0	0	0	3
146	459	0	1.63566912	21.491537	21.536114	21.491537	21.6023952	0.0287471176	0.25374485	0	100	0	0	0	3
147	462	0	1.64687234	21.5035189	21.5363708	21.491537	21.6023952	0.0263404999	0.25374485	0	100	0	0	0	3
148	465	0	1.65807555	21.5985311	21.5369918	21.491537	21.6023952	0.0222259019	0.25374485	0	100	0	0	0	3
149	468	0	1.66927876	21.5127116	21.535572	21.491537	21.6023952	0.0222259019	0.25374485	0	100	0	0	0	3
150	471	0	1.68048197	21.5097812	21.5358776	21.491537	21.6023952	0.0200752632	0.25374485	0	100	0	0	0	3
151	474	0	1.69168519	21.5811609	21.5372683	21.491537	21.6023952	0.0174416208	0.25374485	0	100	0	0	0	3
152	481	0	1.7028884	21.4919609	21.5352401	21.491537	21.6023952	0.0174416208	0.25374485	0	100	0	0	0	3
153	485	0	1.71409161	21.5753646	21.5370244	21.491537	21.6023952	0.0158894835	0.25374485	0	100	0	0	0	3
154	489	0	1.72529483	21.4917161	21.5351362	21.491537	21.6023952	0.0146885364	0.25374485	0	100	0	0	0	3
155	493	0	1.73649804	21.5755236	21.5369095	21.491537	21.6023952	0.0130183525	0.25374485	0	100	0	0	0	3
156	497	0	1.74770125	21.4914693	21.5350184	21.4914693	21.6023952	0.0130183525	0.25374485	0	100	0	0	0	3
157	501	0	1.75890447	21.5710071	21.536696	21.4914693	21.6023952	0.0108472409	0.25374485	0	100	0	0	0	3
158	505	0	1.77010768	21.575248	21.5366553	21.4914693	21.6023952	0.0108472409	0.25374485	0	100	0	0	0	3
159	508	0	1.78131089	21.4901317	21.5365327	21.4901317	21.6023952	0.00821482404	0.25374485	0	100	0	0	0	3
160	512	0	1.79251411	21.5963471	21.5370617	21.4901317	21.6023952	0.00716908402	0.25374485	0	100	0	0	0	3
161	517	0	1.80371732	21.5044997	21.5353728	21.4901317	21.6023952	0.00648210048	0.25374485	0	100	0	0	0	3
162	521	0	1.81492053	21.5081322	21.535739	21.4901317	21.6023952	0.0050843052	0.25374485	0	100	0	0	0	3
163	526	0	1.82612375	21.5777545	21.5351914	21.4901317	21.5986309	0.00476804608	0.25374485	0	100	0	0	0	3
164	530	0	1.83732696	21.48458	21.5347121	21.48458	21.5986309	0.00476804608	0.25374485	0	100	0	0	0	3
165	533	0	1.84853017	21.5732767	21.5360122	21.48458	21.5986309	0.00422586543	0.25374485	0	100	0	0	0	3
