Iteration	CPUTime	PhysTime	Travels	Value	AvValue	MinValue	MaxValue	Delta	Criteria	Progress	dGMaxMin	CriteriaType	CriteriaVarType	CriteriaPercentage
1	12	0	0.0112032132	101182.834	101182.834	101182.834	101182.834	0	0	0	0	15233.6	0	0	3
2	15	0	0.0224064263	101181.24	101182.037	101181.24	101182.834	0.797028037	0	0	0	7262.82	0	0	3
3	19	0	0.0336096395	101181.28	101181.785	101181.24	101182.834	1.04919313	0	0	0	4763.76	0	0	3
4	22	0	0.0448128527	101181.269	101181.656	101181.24	101182.834	1.17813419	0	0	0	4148.49	0	0	3
5	25	0	0.0560160658	101181.225	101181.57	101181.225	101182.834	1.26437099	0	0	0	2933.32	0	0	3
6	28	0	0.067219279	101181.245	101181.516	101181.225	101182.834	1.31841463	0	0	0	2464.48	0	0	3
7	32	0	0.0784224922	101181.206	101181.471	101181.206	101182.834	1.36258198	0	0	0	2295.34	0	0	3
8	35	0	0.0896257053	101181.199	101181.437	101181.199	101182.834	1.3966315	0	0	0	2227.85	0	0	3
9	38	0	0.100828918	101181.168	101181.407	101181.168	101182.834	1.42652964	0	0	0	2097.77	0	0	3
10	41	0	0.112032132	101181.152	101181.382	101181.152	101182.834	1.45204859	0	0	0	1962.54	0	0	3
11	44	0	0.123235345	101181.118	101181.358	101181.118	101182.834	1.47602186	0	0	0	1879.09	0	0	3
12	48	0	0.134438558	101181.098	101181.336	101181.098	101182.834	1.49771459	0	0	0	1821.69	0	0	3
13	51	0	0.145641771	101181.06	101181.315	101181.06	101182.834	1.5189579	0	0	0	1766.09	0	0	3
14	54	0	0.156844984	101181.04	101181.295	101181.04	101182.834	1.53858684	0	0	0	1787.72	0	0	3
15	57	0	0.168048197	101181.002	101181.276	101181.002	101182.834	1.55812138	0	0	0	1787.22	0	0	3
16	60	0	0.179251411	101180.985	101181.258	101180.985	101182.834	1.57630251	0	0	0	1764.47	0	0	3
17	64	0	0.190454624	101180.949	101181.24	101180.949	101182.834	1.59448265	0	0	0	1722.11	0	0	3
18	67	0	0.201657837	101180.928	101181.222	101180.928	101182.834	1.61179742	0	0	0	1686.15	0	0	3
19	70	0	0.21286105	101180.897	101181.205	101180.897	101182.834	1.6289388	0	0	0	1644.58	0	0	3
20	74	0	0.224064263	101180.872	101181.188	101180.872	101182.834	1.6455687	0	0	0	1605.71	0	0	3
21	78	0	0.235267476	101180.847	101181.172	101180.847	101182.834	1.66185035	0	0	0	1570.17	0	0	3
22	82	0	0.24647069	101180.822	101181.156	101180.822	101182.834	1.67776931	0	0	0	1532.89	0	0	3
23	86	0	0.257673903	101180.794	101181.141	101180.794	101182.834	1.69349768	0	0	0	1493.65	0	0	3
24	89	0	0.268877116	101180.768	101181.125	101180.768	101182.834	1.70901825	0	0	0	1426.47	0	0	3
25	92	0	0.280080329	101180.74	101181.11	101180.74	101182.834	1.72441101	0	0	0	1355.71	0	0	3
26	96	0	0.291283542	101180.717	101181.095	101180.717	101182.834	1.73949183	0	0	0	1296.33	0	0	3
27	100	0	0.302486755	101180.689	101181.08	101180.689	101182.834	1.75450115	0	0	0	1259.64	0	0	3
28	103	0	0.313689969	101180.664	101181.065	101180.664	101182.834	1.76934971	0	0	0	1216.14	0	0	3
29	106	0	0.324893182	101180.641	101181.05	101180.641	101182.834	1.78397216	0	0	0	1188.98	0	0	3
30	110	0	0.336096395	101180.619	101181.036	101180.619	101182.834	1.79832607	0	0	0	1154.79	0	0	3
31	113	0	0.347299608	101180.6	101181.022	101180.6	101182.834	1.81238315	0	0	0	1140.41	0	0	3
32	116	0	0.358502821	101180.578	101181.008	101180.578	101182.834	1.82623103	0	0	0	1124.31	0	0	3
33	120	0	0.369706034	101180.559	101180.994	101180.559	101182.834	1.8398324	0	0	0	1115.61	0	0	3
34	124	0	0.380909248	101180.542	101180.981	101180.542	101182.834	1.85314524	0	0	0	1105.28	0	0	3
35	127	0	0.392112461	101180.524	101180.968	101180.524	101182.834	1.86619293	0	0	0	1095.01	0	0	3
36	131	0	0.403315674	101180.511	101180.955	101180.511	101182.834	1.87888253	0	0	0	1087.38	0	0	3
37	134	0	0.414518887	101180.496	101180.943	101180.496	101182.834	1.89129361	0	0	0	1079.75	0	0	3
38	137	0	0.4257221	101180.482	101180.931	101180.482	101182.834	1.903409	0	0	0	1072.96	0	0	3
39	140	0	0.436925313	101180.473	101180.919	101180.473	101182.834	1.91513676	0	0	0	1065.86	0	0	3
40	143	0	0.448128527	101180.468	101180.908	101180.468	101182.834	1.92639962	0	0	0	1059.16	0	0	3
41	147	0	0.45933174	101180.462	101180.897	101180.462	101182.834	1.93726282	0	0	0	1054.5	0	0	3
42	150	0	0.470534953	101180.453	101180.886	101180.453	101182.834	1.94783054	0	0	0	1049.64	0	0	3
43	153	0	0.481738166	101180.446	101180.876	101180.446	101182.834	1.95806889	0	0	0	1045.15	0	0	3
44	156	0	0.492941379	101180.438	101180.866	101180.438	101182.834	1.96803078	0	0	0	1040.34	0	0	3
45	159	0	0.504144592	101180.429	101180.856	101180.429	101182.834	1.97773823	0	0	0	1035.29	0	0	3
46	162	0	0.515347806	101180.422	101180.803	101180.422	101181.28	0.858399059	0	0	0	1030.47	0	0	3
47	165	0	0.526551019	101180.418	101180.784	101180.418	101181.28	0.862447011	0	0	0	1025.4	0	0	3
48	169	0	0.537754232	101180.414	101180.765	101180.414	101181.269	0.855057661	0	0	0	1020.33	0	0	3
49	172	0	0.548957445	101180.41	101180.746	101180.41	101181.245	0.823566529	0	0	0	1014.84	0	0	3
50	175	0	0.560160658	101180.406	101180.728	101180.406	101181.245	0.787721536	0	0	0	1009.28	0	0	3
51	178	0	0.571363871	101180.4	101180.709	101180.4	101181.206	0.762348914	0	0	0	1003.48	0	0	3
52	181	0	0.582567085	101180.392	101180.691	101180.392	101181.199	0.746388143	0	0	0	997.568	0	0	3
53	184	0	0.593770298	101180.386	101180.673	101180.386	101181.168	0.734546812	0	0	0	991.422	0	0	3
54	187	0	0.604973511	101180.381	101180.655	101180.381	101181.152	0.726520736	0	0	0	985.768	0	0	3
55	189	0	0.616176724	101180.378	101180.638	101180.378	101181.118	0.719762549	0	0	0	979.696	0	0	3
56	192	0	0.627379937	101180.376	101180.622	101180.376	101181.098	0.714573478	0	0	0	974.034	0	0	3
57	196	0	0.63858315	101180.375	101180.606	101180.375	101181.06	0.685508239	0	0	0	967.818	0	0	3
58	199	0	0.649786364	101180.375	101180.59	101180.375	101181.04	0.665622757	0	0	0	962.546	0	0	3
59	202	0	0.660989577	101180.376	101180.576	101180.375	101181.002	0.627780911	0	0	0	956.45	0	0	3
60	205	0	0.67219279	101180.377	101180.562	101180.375	101180.985	0.610366362	0	0	0	951.059	0	0	3
61	208	0	0.683396003	101180.377	101180.548	101180.375	101180.949	0.574020892	0	0	0	944.99	0	0	3
62	211	0	0.694599216	101180.376	101180.536	101180.375	101180.928	0.553237356	0	0	0	939.655	0	0	3
63	214	0	0.705802429	101180.375	101180.523	101180.375	101180.897	0.521902144	0	0	0	933.654	0	0	3
64	217	0	0.717005643	101180.373	101180.512	101180.373	101180.872	0.499031622	0	0	0	927.732	0	0	3
65	220	0	0.728208856	101180.372	101180.5	101180.372	101180.847	0.474906503	0	0	0	921.636	0	0	3
66	223	0	0.739412069	101180.371	101180.49	101180.371	101180.822	0.450999476	0	0	0	915.668	0	0	3
67	226	0	0.750615282	101180.37	101180.48	101180.37	101180.794	0.424420793	0	0	0	909.505	0	0	3
68	229	0	0.761818495	101180.369	101180.47	101180.369	101180.768	0.399103043	0	0	0	903.502	0	0	3
69	232	0	0.773021708	101180.366	101180.461	101180.366	101180.74	0.373804696	0	0	0	897.308	0	0	3
70	235	0	0.784224922	101180.365	101180.453	101180.365	101180.717	0.352731788	0	0	0	891.278	0	0	3
71	238	0	0.795428135	101180.362	101180.445	101180.362	101180.689	0.326948283	0	0	0	885.031	0	0	3
72	241	0	0.806631348	101180.361	101180.438	101180.361	101180.664	0.302830905	0	0	0	879.125	0	0	3
73	244	0	0.817834561	101180.358	101180.431	101180.358	101180.641	0.282167714	0	0	0	873.086	0	0	3
74	247	0	0.829037774	101180.356	101180.425	101180.356	101180.619	0.263062797	0	0	0	867.207	0	0	3
75	250	0	0.840240987	101180.354	101180.419	101180.354	101180.6	0.246341854	0	0	0	861.159	0	0	3
76	253	0	0.851444201	101180.353	101180.413	101180.353	101180.578	0.225909192	0	0	0	855.914	0	0	3
77	256	0	0.862647414	101180.35	101180.408	101180.35	101180.559	0.208993907	0	0	0	849.9	0	0	3
78	259	0	0.873850627	101180.348	101180.404	101180.348	101180.542	0.193497197	0	0	0	844.259	0	0	3
79	262	0	0.88505384	101180.344	101180.399	101180.344	101180.524	0.179722296	0	0	0	838.273	0	0	3
80	265	0	0.896257053	101180.342	101180.395	101180.342	101180.511	0.168854462	0	0	0	832.826	0	0	3
81	268	0	0.907460266	101180.339	101180.391	101180.339	101180.496	0.157117843	0	0	0	826.684	0	0	3
82	271	0	0.918663479	101180.337	101180.388	101180.337	101180.482	0.145790812	0	0	0	821.599	0	0	3
83	274	0	0.929866693	101180.333	101180.385	101180.333	101180.473	0.139994715	0	0	0	815.804	0	0	3
84	277	0	0.941069906	101180.33	101180.381	101180.33	101180.468	0.138183272	0	0	0	810.332	0	0	3
85	280	0	0.952273119	101180.327	101180.378	101180.327	101180.462	0.135578023	0	0	0	804.754	0	0	3
86	283	0	0.963476332	101180.324	101180.375	101180.324	101180.453	0.12921584	0	0	0	799.7	0	0	3
87	286	0	0.974679545	101180.32	101180.372	101180.32	101180.446	0.125500065	0	0	0	794.818	0	0	3
88	289	0	0.985882758	101180.317	101180.369	101180.317	101180.438	0.120374369	0	0	0	789.358	0	0	3
89	292	0	0.997085972	101180.314	101180.367	101180.314	101180.429	0.115413978	0	0	0	784.121	0	0	3
90	294	0	1.00828918	101180.31	101180.364	101180.31	101180.422	0.111776092	0.0291052545	0	0	778.139	0	0	3
91	297	0	1.0194924	101180.307	101180.361	101180.307	101180.418	0.111268943	0.0292114786	0	0	772.777	0	0	3
92	300	0	1.03069561	101180.304	101180.359	101180.304	101180.414	0.110109137	0.0292547516	0	0	766.812	0	0	3
93	303	0	1.04189882	101180.301	101180.356	101180.301	101180.41	0.10943539	0.0291839168	0	0	761.559	0	0	3
94	306	0	1.05310204	101180.298	101180.354	101180.298	101180.406	0.107628015	0.0291052545	0	0	755.656	0	0	3
95	309	0	1.06430525	101180.295	101180.351	101180.295	101180.4	0.104560848	0.0291052545	0	0	750.748	0	0	3
96	312	0	1.07550846	101180.292	101180.349	101180.292	101180.392	0.100377931	0.0291052545	0	0	745.017	0	0	3
97	315	0	1.08671168	101180.289	101180.347	101180.289	101180.386	0.0972356144	0.0291052545	0	0	740.101	0	0	3
98	318	0	1.09791489	101180.286	101180.345	101180.286	101180.381	0.0946146731	0.0291052545	0	0	734.369	0	0	3
99	321	0	1.1091181	101180.283	101180.342	101180.283	101180.378	0.094559536	0.0291052545	0	0	728.879	0	0	3
100	324	0	1.12032132	101180.28	101180.34	101180.28	101180.377	0.0973150238	0.0291052545	0	0	723.606	0	0	3
101	327	0	1.13152453	101180.276	101180.338	101180.276	101180.377	0.101372757	0.0291052545	0	0	717.472	0	0	3
102	330	0	1.14272774	101180.273	101180.336	101180.273	101180.377	0.104028566	0.0291052545	0	0	712.538	0	0	3
103	333	0	1.15393096	101180.27	101180.333	101180.27	101180.377	0.107681047	0.0291052545	0	0	706.651	0	0	3
104	336	0	1.16513417	101180.267	101180.331	101180.267	101180.377	0.110587871	0.0291052545	0	0	701.533	0	0	3
105	339	0	1.17633738	101180.263	101180.328	101180.263	101180.377	0.11358374	0.0291052545	0	0	695.842	0	0	3
106	342	0	1.1875406	101180.26	101180.326	101180.26	101180.376	0.115567396	0.0291052545	0	0	690.729	0	0	3
107	345	0	1.19874381	101180.256	101180.323	101180.256	101180.375	0.118390282	0.0291052545	0	0	684.832	0	0	3
108	348	0	1.20994702	101180.254	101180.32	101180.254	101180.373	0.119886502	0.0291052545	0	0	679.871	0	0	3
109	351	0	1.22115023	101180.249	101180.318	101180.249	101180.372	0.122352776	0.0291052545	0	0	674.024	0	0	3
110	354	0	1.23235345	101180.246	101180.315	101180.246	101180.371	0.124943045	0.0291052545	0	0	668.456	0	0	3
111	356	0	1.24355666	101180.242	101180.312	101180.242	101180.37	0.128449837	0.0291052545	0	0	662.306	0	0	3
112	359	0	1.25475987	101180.239	101180.309	101180.239	101180.369	0.13034103	0.0291052545	0	0	657.252	0	0	3
113	362	0	1.26596309	101180.235	101180.306	101180.235	101180.366	0.131789629	0.0291052545	0	0	651.816	0	0	3
114	365	0	1.2771663	101180.232	101180.303	101180.232	101180.365	0.132957411	0.0291052545	0	0	647.209	0	0	3
115	368	0	1.28836951	101180.228	101180.3	101180.228	101180.362	0.134226623	0.0291052545	0	0	641.802	0	0	3
116	371	0	1.29957273	101180.225	101180.297	101180.225	101180.361	0.13545162	0.0291052545	0	0	637.285	0	0	3
117	374	0	1.31077594	101180.222	101180.294	101180.222	101180.358	0.136811511	0.0291052545	0	0	631.893	0	0	3
118	377	0	1.32197915	101180.219	101180.291	101180.219	101180.356	0.134015052	0.0291052545	0	0	627.378	0	0	3
119	380	0	1.33318237	101180.215	101180.288	101180.215	101180.354	0.131247885	0.0291052545	0	0	622.003	0	0	3
120	383	0	1.34438558	101180.212	101180.285	101180.212	101180.353	0.128892475	0.0291052545	0	0	617.477	0	0	3
121	385	0	1.35558879	101180.208	101180.281	101180.208	101180.35	0.127017259	0.0291052545	0	0	612.063	0	0	3
122	388	0	1.36679201	101180.206	101180.278	101180.206	101180.348	0.12553667	0.0291052545	0	0	607.474	0	0	3
123	391	0	1.37799522	101180.202	101180.275	101180.202	101180.344	0.124403725	0.0291052545	0	0	602.065	0	0	3
124	394	0	1.38919843	101180.199	101180.272	101180.199	101180.342	0.123590113	0.0291052545	0	0	597.202	0	0	3
125	397	0	1.40040165	101180.196	101180.268	101180.196	101180.339	0.123018628	0.0291052545	0	0	592.202	0	0	3
126	400	0	1.41160486	101180.192	101180.265	101180.192	101180.337	0.122728679	0.0291052545	0	0	587.088	0	0	3
127	403	0	1.42280807	101180.189	101180.262	101180.189	101180.333	0.122693844	0.0291052545	0	0	582.233	0	0	3
128	406	0	1.43401129	101180.186	101180.259	101180.186	101180.33	0.122790153	0.0291052545	0	0	577.132	0	0	3
129	409	0	1.4452145	101180.182	101180.255	101180.182	101180.327	0.12292477	0.0291052545	0	0	572.1	0	0	3
130	412	0	1.45641771	101180.179	101180.252	101180.179	101180.324	0.123120413	0.0291052545	0	0	567.095	0	0	3
131	415	0	1.46762092	101180.176	101180.249	101180.176	101180.32	0.123461591	0.0291052545	0	0	562.091	0	0	3
132	418	0	1.47882414	101180.173	101180.245	101180.173	101180.317	0.123882231	0.0291052545	0	0	557.104	0	0	3
133	421	0	1.49002735	101180.169	101180.242	101180.169	101180.314	0.124429185	0.0291052545	0	0	551.368	0	0	3
134	424	0	1.50123056	101180.166	101180.239	101180.166	101180.31	0.125076078	0.0291052545	0	0	546.815	0	0	3
135	427	0	1.51243378	101180.162	101180.236	101180.162	101180.307	0.12581274	0.0291052545	0	0	541.335	0	0	3
136	430	0	1.52363699	101180.159	101180.232	101180.159	101180.304	0.126562913	0.0291052545	0	0	541.256	0	0	3
137	432	0	1.5348402	101180.155	101180.229	101180.155	101180.301	0.127360282	0.0291052545	0	0	540.4	0	0	3
138	435	0	1.54604342	101180.152	101180.226	101180.152	101180.298	0.128182479	0.0291052545	0	0	540.811	0	0	3
139	438	0	1.55724663	101180.148	101180.222	101180.148	101180.295	0.129056781	0.0291052545	0	0	540.676	0	0	3
140	441	0	1.56844984	101180.145	101180.219	101180.145	101180.292	0.130005114	0.0291052545	0	0	541.135	0	0	3
141	444	0	1.57965306	101180.141	101180.216	101180.141	101180.289	0.131063878	0.0291052545	0	0	540.681	0	0	3
142	447	0	1.59085627	101180.138	101180.212	101180.138	101180.286	0.132208638	0.0291052545	0	0	541.217	0	0	3
143	450	0	1.60205948	101180.134	101180.209	101180.134	101180.283	0.133415166	0.0291052545	0	0	540.893	0	0	3
144	453	0	1.6132627	101180.131	101180.206	101180.131	101180.28	0.134631892	0.0291052545	0	0	541.233	0	0	3
145	456	0	1.62446591	101180.127	101180.202	101180.127	101180.276	0.135820805	0.0291052545	0	0	541.096	0	0	3
146	459	0	1.63566912	101180.124	101180.199	101180.124	101180.273	0.136951939	0.0291052545	0	0	541.068	0	0	3
147	462	0	1.64687234	101180.12	101180.195	101180.12	101180.27	0.138013782	0.0291052545	0	0	540.777	0	0	3
148	465	0	1.65807555	101180.116	101180.192	101180.116	101180.267	0.138986083	0.0291052545	0	0	540.769	0	0	3
149	468	0	1.66927876	101180.113	101180.189	101180.113	101180.263	0.139862459	0.0291052545	0	0	541.171	0	0	3
150	471	0	1.68048197	101180.11	101180.185	101180.11	101180.26	0.140686472	0.0291052545	0	0	541.012	0	0	3
151	474	0	1.69168519	101180.106	101180.182	101180.106	101180.256	0.141459121	0.0291052545	0	0	541.303	0	0	3
152	481	0	1.7028884	101180.103	101180.178	101180.103	101180.254	0.142181759	0.0291052545	0	0	541.116	0	0	3
153	485	0	1.71409161	101180.099	101180.175	101180.099	101180.249	0.142853485	0.0291052545	0	0	541.382	0	0	3
154	489	0	1.72529483	101180.096	101180.171	101180.096	101180.246	0.143470874	0.0291052545	0	0	541.165	0	0	3
155	493	0	1.73649804	101180.093	101180.168	101180.093	101180.242	0.144004571	0.0291052545	0	0	541.367	0	0	3
156	497	0	1.74770125	101180.089	101180.165	101180.089	101180.239	0.144465235	0.0291052545	0	0	541.129	0	0	3
157	501	0	1.75890447	101180.086	101180.161	101180.086	101180.235	0.144876422	0.0291052545	0	0	541.186	0	0	3
158	505	0	1.77010768	101180.082	101180.158	101180.082	101180.232	0.145272923	0.0291052545	0	0	540.466	0	0	3
159	508	0	1.78131089	101180.078	101180.154	101180.078	101180.228	0.145646389	0.0291052545	0	0	540.75	0	0	3
160	512	0	1.79251411	101180.075	101180.151	101180.075	101180.225	0.146000619	0.0291052545	0	0	540.611	0	0	3
161	517	0	1.80371732	101180.072	101180.148	101180.072	101180.222	0.146319434	0.0291052545	0	0	540.974	0	0	3
162	521	0	1.81492053	101180.069	101180.144	101180.069	101180.219	0.146619789	0.0291052545	0	0	540.852	0	0	3
163	526	0	1.82612375	101180.065	101180.141	101180.065	101180.215	0.146899054	0.0291052545	0	0	541.161	0	0	3
164	530	0	1.83732696	101180.062	101180.137	101180.062	101180.212	0.147164892	0.0291052545	0	0	541.114	0	0	3
165	533	0	1.84853017	101180.058	101180.134	101180.058	101180.208	0.147390777	0.0291052545	0	0	541.201	0	0	3
