Iteration	CPUTime	PhysTime	Travels	Value	AvValue	MinValue	MaxValue	Delta	Criteria	Progress	dGMaxMin	CriteriaType	CriteriaVarType	CriteriaPercentage
1	8	0	0.0139513658	0.201803742	0.201803742	0.201803742	0.201803742	0	0	0	0	0	0	0	3
2	10	0	0.0279027315	0.202076962	0.201940352	0.201803742	0.202076962	0.000136610028	0	0	0	0	0	0	3
3	11	0	0.0418540973	0.202204902	0.202028535	0.201803742	0.202204902	0.000224793362	0	0	0	0	0	0	3
4	13	0	0.055805463	0.202292249	0.202094464	0.201803742	0.202292249	0.000290721907	0	0	0	0	0	0	3
5	14	0	0.0697568288	0.202344324	0.202144436	0.201803742	0.202344324	0.000340693942	0	0	0	0	0	0	3
6	16	0	0.0837081945	0.202475878	0.202199676	0.201803742	0.202475878	0.000395934263	0	0	0	0	0	0	3
7	17	0	0.0976595603	0.202603964	0.202257431	0.201803742	0.202603964	0.000453689652	0	0	0	0	0	0	3
8	18	0	0.111610926	0.202748714	0.202318842	0.201803742	0.202748714	0.000515099958	0	0	0	0	0	0	3
9	20	0	0.125562292	0.20288407	0.202381645	0.201803742	0.20288407	0.000577903082	0	0	0	0	0	0	3
10	21	0	0.139513658	0.203023829	0.202445863	0.201803742	0.203023829	0.000642121449	0	0	0	0	0	0	3
11	22	0	0.153465023	0.203215585	0.202515838	0.201803742	0.203215585	0.000712096192	0	0	0	0	0	0	3
12	23	0	0.167416389	0.20341761	0.202590986	0.201803742	0.20341761	0.000787243854	0	0	0	0	0	0	3
13	25	0	0.181367755	0.203607346	0.202669167	0.201803742	0.203607346	0.000865425449	0	0	0	0	0	0	3
14	26	0	0.195319121	0.20380924	0.202750601	0.201803742	0.20380924	0.000946859225	0	0	0	0	0	0	3
15	27	0	0.209270486	0.204021515	0.202835329	0.201803742	0.204021515	0.00103158681	0	0	0	0	0	0	3
16	29	0	0.223221852	0.204363615	0.202930847	0.201803742	0.204363615	0.00112710469	0	0	0	0	0	0	3
17	30	0	0.237173218	0.204720507	0.203036121	0.201803742	0.204720507	0.00123237884	0	0	0	0	0	0	3
18	32	0	0.251124584	0.205091779	0.203150324	0.201803742	0.205091779	0.0013465821	0	0	0	0	0	0	3
19	33	0	0.265075949	0.205474154	0.203272631	0.201803742	0.205474154	0.00146888896	0	0	0	0	0	0	3
20	34	0	0.279027315	0.205880839	0.203403041	0.201803742	0.205880839	0.00159929937	0	0	0	0	0	0	3
21	36	0	0.292978681	0.206478922	0.203549512	0.201803742	0.206478922	0.00174576987	0	0	0	0	0	0	3
22	37	0	0.306930047	0.207053615	0.203708789	0.201803742	0.207053615	0.00190504729	0	0	0	0	0	0	3
23	38	0	0.320881412	0.207571156	0.203876718	0.201803742	0.207571156	0.00207297627	0	0	0	0	0	0	3
24	40	0	0.334832778	0.208040418	0.204050206	0.201803742	0.208040418	0.00224646375	0	0	0	0	0	0	3
25	41	0	0.348784144	0.208446602	0.204226061	0.201803742	0.208446602	0.00242231962	0	0	0	0	0	0	3
26	43	0	0.36273551	0.208987449	0.204409192	0.201803742	0.208987449	0.00260544989	0	0	0	0	0	0	3
27	44	0	0.376686875	0.209606256	0.204601676	0.201803742	0.209606256	0.00279793374	0	0	0	0	0	0	3
28	45	0	0.390638241	0.210380743	0.204808071	0.201803742	0.210380743	0.00300432899	0	0	0	0	0	0	3
29	47	0	0.404589607	0.211389563	0.205035019	0.201803742	0.211389563	0.003231277	0	0	0	0	0	0	3
30	48	0	0.418540973	0.2126376	0.205288438	0.201803742	0.2126376	0.00348469638	0	0	0	0	0	0	3
31	50	0	0.432492338	0.214682677	0.205591478	0.201803742	0.214682677	0.00378773633	0	0	0	0	0	0	3
32	51	0	0.446443704	0.216781392	0.205941163	0.201803742	0.216781392	0.00413742113	0	0	0	0	0	0	3
33	52	0	0.46039507	0.218780358	0.206330229	0.201803742	0.218780358	0.00452648764	0	0	0	0	0	0	3
34	54	0	0.474346436	0.220395537	0.206743915	0.201803742	0.220395537	0.00494017315	0	0	0	0	0	0	3
35	55	0	0.488297801	0.221476106	0.207164835	0.201803742	0.221476106	0.0053610929	0	0	0	0	0	0	3
36	57	0	0.502249167	0.221885664	0.207573747	0.201803742	0.221885664	0.00577000483	0	0	0	0	0	0	3
37	58	0	0.516200533	0.221300315	0.208115318	0.202076962	0.221885664	0.00617496628	0	0	0	0	0	0	3
38	60	0	0.530151899	0.220080766	0.208615424	0.202204902	0.221885664	0.00658688862	0	0	0	0	0	0	3
39	61	0	0.544103264	0.218658484	0.209072468	0.202292249	0.221885664	0.00697800402	0	0	0	0	0	0	3
40	63	0	0.55805463	0.217471818	0.209494122	0.202344324	0.221885664	0.00734968667	0	0	0	0	0	0	3
41	64	0	0.572005996	0.216599876	0.20989011	0.202475878	0.221885664	0.0076904339	0	0	0	0	0	0	3
42	65	0	0.585957362	0.216477269	0.210279038	0.202603964	0.221885664	0.00802160604	0	0	0	0	0	0	3
43	67	0	0.599908727	0.216796866	0.210673285	0.202748714	0.221885664	0.00835444302	0	0	0	0	0	0	3
44	68	0	0.613860093	0.217075028	0.211071238	0.20288407	0.221885664	0.00868959307	0	0	0	0	0	0	3
45	70	0	0.627811459	0.217258864	0.211470538	0.203023829	0.221885664	0.00902467454	0	0	0	0	0	0	3
46	71	0	0.641762825	0.217342426	0.211868277	0.203215585	0.221885664	0.00935243862	0	0	0	0	0	0	3
47	72	0	0.65571419	0.217403433	0.212262384	0.20341761	0.221885664	0.00967139783	0	0	0	0	0	0	3
48	74	0	0.669665556	0.217452794	0.21265225	0.203607346	0.221885664	0.00998308247	0	0	0	0	0	0	3
49	75	0	0.683616922	0.217489501	0.213037865	0.20380924	0.221885664	0.0102872641	0	0	0	0	0	0	3
50	77	0	0.697568288	0.21746596	0.213417218	0.204021515	0.221885664	0.0105818898	0	0	0	0	0	0	3
51	78	0	0.711519653	0.217400757	0.213788864	0.204363615	0.221885664	0.0108580176	0	0	0	0	0	0	3
52	79	0	0.725471019	0.217326727	0.214148951	0.204720507	0.221885664	0.0111128299	0	0	0	0	0	0	3
53	81	0	0.739422385	0.217284934	0.214497962	0.205091779	0.221885664	0.0113476385	0	0	0	0	0	0	3
54	82	0	0.753373751	0.217243936	0.214835522	0.205474154	0.221885664	0.0115628915	0	0	0	0	0	0	3
55	83	0	0.767325116	0.217256437	0.215162808	0.205880839	0.221885664	0.0117597667	0	0	0	0	0	0	3
56	85	0	0.781276482	0.217263168	0.215478984	0.206478922	0.221885664	0.011929472	0	0	0	0	0	0	3
57	86	0	0.795227848	0.21727597	0.215778902	0.207053615	0.221885664	0.0120701126	0	0	0	0	0	0	3
58	88	0	0.809179214	0.21726704	0.216062608	0.207571156	0.221885664	0.0121858899	0	0	0	0	0	0	3
59	89	0	0.823130579	0.217277135	0.216332219	0.208040418	0.221885664	0.0122820129	0	0	0	0	0	0	3
60	90	0	0.837081945	0.217291069	0.216589181	0.208446602	0.221885664	0.0123631196	0	0	0	0	0	0	3
61	92	0	0.851033311	0.21735653	0.216836679	0.208987449	0.221885664	0.0124274873	0	0	0	0	0	0	3
62	93	0	0.864984677	0.217430908	0.21707122	0.209606256	0.221885664	0.0122794083	0	0	0	0	0	0	3
63	95	0	0.878936042	0.217529051	0.217291297	0.210380743	0.221885664	0.0115049215	0	0	0	0	0	0	3
64	96	0	0.892887408	0.217594131	0.217491669	0.211389563	0.221885664	0.010496101	0	0	0	0	0	0	3
65	97	0	0.906838774	0.217641632	0.217665338	0.2126376	0.221885664	0.00924806369	0	0	0	0	0	0	3
66	99	0	0.92079014	0.217653611	0.217804671	0.214682677	0.221885664	0.00720298746	0	0	0	0	0	0	3
67	100	0	0.934741505	0.217653918	0.217887206	0.216477269	0.221885664	0.00540839517	0	0	0	0	0	0	3
68	101	0	0.948692871	0.217694184	0.217912561	0.216477269	0.221885664	0.00540839517	0	0	0	0	0	0	3
69	103	0	0.962644237	0.217732228	0.217883446	0.216477269	0.221885664	0.00540839517	0	0	0	0	0	0	3
70	104	0	0.976595603	0.217765392	0.217810387	0.216477269	0.221885664	0.00540839517	0	0	0	0	0	0	3
71	106	0	0.990546968	0.217791826	0.217708046	0.216477269	0.221885664	0.00540839517	0	0	0	0	0	0	3
72	107	0	1.00449833	0.21779308	0.217594363	0.216477269	0.221300315	0.00482304623	0.000590422866	0	12.2	0	0	0	3
73	108	0	1.0184497	0.217814096	0.217497523	0.216477269	0.220080766	0.00360349729	0.000590422866	0	16.3	0	0	0	3
74	110	0	1.03240107	0.217830984	0.217435029	0.216477269	0.218658484	0.00218121512	0.000590422866	0	27	0	0	0	3
75	111	0	1.04635243	0.217851844	0.217412623	0.216477269	0.217851844	0.00137457528	0.000590422866	0	42.9	0	0	0	3
76	112	0	1.0603038	0.21786976	0.217423677	0.216477269	0.21786976	0.00139249109	0.000590422866	0	42.4	0	0	0	3
77	114	0	1.07425516	0.217877063	0.217459154	0.216477269	0.217877063	0.00139979387	0.000590422866	0	42.1	0	0	0	3
78	115	0	1.08820653	0.217858351	0.217497518	0.216796866	0.217877063	0.00108019675	0.000590422866	0	54.6	0	0	0	3
79	117	0	1.10215789	0.217862997	0.217527132	0.217075028	0.217877063	0.000802034651	0.000590422866	0	73.6	0	0	0	3
80	118	0	1.11610926	0.21785123	0.217548694	0.217243936	0.217877063	0.00063312643	0.000590422866	0	93.2	0	0	0	3
81	119	0	1.13006063	0.21786211	0.21756545	0.217243936	0.217877063	0.00063312643	0.000590422866	0	93.2	0	0	0	3
82	121	0	1.14401199	0.217855141	0.217579692	0.217243936	0.217877063	0.00063312643	0.000590422866	0	93.2	0	0	0	3
83	122	0	1.15796336	0.217862886	0.217592455	0.217243936	0.217877063	0.00063312643	0.000590422866	0	93.2	0	0	0	3
84	123	0	1.17191472	0.217868099	0.217603991	0.217243936	0.217877063	0.00063312643	0.000590422866	0	93.2	0	0	0	3
85	125	0	1.18586609	0.217857118	0.217614203	0.217243936	0.217877063	0.00063312643	0.000590422866	0	93.2	0	0	0	3
86	126	0	1.19981745	0.217830585	0.217624331	0.217243936	0.217877063	0.00063312643	0.000590422866	0	93.2	0	0	0	3
87	128	0	1.21376882	0.217807787	0.217635638	0.217243936	0.217877063	0.00063312643	0.000590422866	0	93.2	0	0	0	3
88	129	0	1.22772019	0.217780401	0.21764824	0.217243936	0.217877063	0.00063312643	0.000590422866	0	93.2	0	0	0	3
89	130	0	1.24167155	0.217767524	0.217661645	0.217243936	0.217877063	0.00063312643	0.000590422866	0	93.2	0	0	0	3
90	132	0	1.25562292	0.217751491	0.217675744	0.217256437	0.217877063	0.000620626251	0.000590422866	0	95.1	0	0	0	3
91	133	0	1.26957428	0.217749684	0.217689445	0.217263168	0.217877063	0.0006138946	0.000590422866	0	96.1	0	0	0	3
92	134	0	1.28352565	0.21775027	0.217702976	0.21726704	0.217877063	0.000610023258	0.000590422866	0	96.7	0	0	0	3
93	136	0	1.29747701	0.217770824	0.217716722	0.21726704	0.217877063	0.000610023258	0.000590422866	0	96.7	0	0	0	3
94	137	0	1.31142838	0.217788619	0.21773121	0.217277135	0.217877063	0.000599927911	0.000590422866	0	98.4	0	0	0	3
95	138	0	1.32537975	0.21780839	0.217745967	0.217291069	0.217877063	0.000585993341	0.000590422866	0	100	0	0	0	3
96	140	0	1.33933111	0.217794802	0.21775996	0.21735653	0.217877063	0.000520532883	0.000590422866	0	100	0	0	0	3
97	141	0	1.35328248	0.217788897	0.21777197	0.217430908	0.217877063	0.000446154713	0.000590422866	0	100	0	0	0	3
98	143	0	1.36723384	0.217773311	0.217781481	0.217529051	0.217877063	0.000348011524	0.000590422866	0	100	0	0	0	3
99	144	0	1.38118521	0.217760911	0.217787922	0.217594131	0.217877063	0.000282932252	0.000590422866	0	100	0	0	0	3
100	145	0	1.39513658	0.217756889	0.217792443	0.217641632	0.217877063	0.000235430571	0.000590422866	0	100	0	0	0	3
101	147	0	1.40908794	0.217771069	0.217796038	0.217653611	0.217877063	0.000223451382	0.000590422866	0	100	0	0	0	3
102	148	0	1.42303931	0.217772915	0.217799352	0.217653918	0.217877063	0.000223144601	0.000590422866	0	100	0	0	0	3
103	150	0	1.43699067	0.217764406	0.217802421	0.217694184	0.217877063	0.000182878438	0.000590422866	0	100	0	0	0	3
104	151	0	1.45094204	0.217748756	0.217803937	0.217732228	0.217877063	0.00014483458	0.000590422866	0	100	0	0	0	3
105	153	0	1.4648934	0.217744718	0.217804284	0.217744718	0.217877063	0.000132344966	0.000590422866	0	100	0	0	0	3
106	154	0	1.47884477	0.217735957	0.217803466	0.217735957	0.217877063	0.000141105544	0.000590422866	0	100	0	0	0	3
107	155	0	1.49279614	0.217738576	0.217801987	0.217735957	0.217877063	0.000141105544	0.000590422866	0	100	0	0	0	3
108	157	0	1.5067475	0.217747386	0.217800718	0.217735957	0.217877063	0.000141105544	0.000590422866	0	100	0	0	0	3
109	158	0	1.52069887	0.217759745	0.217799208	0.217735957	0.217877063	0.000141105544	0.000590422866	0	100	0	0	0	3
110	160	0	1.53465023	0.217765782	0.217797397	0.217735957	0.217877063	0.000141105544	0.000590422866	0	100	0	0	0	3
111	161	0	1.5486016	0.217776007	0.21779529	0.217735957	0.217877063	0.000141105544	0.000590422866	0	100	0	0	0	3
112	162	0	1.56255296	0.217776571	0.217792702	0.217735957	0.217877063	0.000141105544	0.000590422866	0	100	0	0	0	3
113	164	0	1.57650433	0.217765179	0.217789594	0.217735957	0.217868099	0.000132141506	0.000590422866	0	100	0	0	0	3
114	165	0	1.5904557	0.217742884	0.217786387	0.217735957	0.217868099	0.000132141506	0.000590422866	0	100	0	0	0	3
115	166	0	1.60440706	0.217724306	0.217782534	0.217724306	0.217868099	0.000143792448	0.000590422866	0	100	0	0	0	3
116	168	0	1.61835843	0.217696153	0.217778226	0.217696153	0.217868099	0.000171945715	0.000590422866	0	100	0	0	0	3
117	169	0	1.63230979	0.217694478	0.21777357	0.217694478	0.217868099	0.000173620319	0.000590422866	0	100	0	0	0	3
118	170	0	1.64626116	0.217686001	0.217768872	0.217686001	0.217868099	0.000182097805	0.000590422866	0	100	0	0	0	3
119	172	0	1.66021252	0.21768287	0.217763871	0.21768287	0.217868099	0.000185228992	0.000590422866	0	100	0	0	0	3
120	173	0	1.67416389	0.217665901	0.217758255	0.217665901	0.217857118	0.000190081141	0.000590422866	0	100	0	0	0	3
121	174	0	1.68811526	0.217653934	0.217752611	0.217653934	0.217830585	0.000176650925	0.000590422866	0	100	0	0	0	3
122	176	0	1.70206662	0.217640922	0.217747342	0.217640922	0.21780839	0.000167468032	0.000590422866	0	100	0	0	0	3
123	177	0	1.71601799	0.217648771	0.217742925	0.217640922	0.21780839	0.000156044233	0.000590422866	0	100	0	0	0	3
124	178	0	1.72996935	0.21763886	0.217738993	0.21763886	0.21780839	0.000142638953	0.000590422866	0	100	0	0	0	3
125	180	0	1.74392072	0.217660048	0.217736008	0.21763886	0.21780839	0.000128540216	0.000590422866	0	100	0	0	0	3
126	181	0	1.75787208	0.217668659	0.217733707	0.21763886	0.21780839	0.000114838904	0.000590422866	0	100	0	0	0	3
127	183	0	1.77182345	0.217677467	0.217731701	0.21763886	0.21780839	0.00010130829	0.000590422866	0	100	0	0	0	3
128	184	0	1.78577482	0.217673254	0.217729562	0.21763886	0.21780839	8.756234e-05	0.000590422866	0	100	0	0	0	3
129	185	0	1.79972618	0.21767433	0.217726881	0.21763886	0.21780839	7.74027236e-05	0.000590422866	0	100	0	0	0	3
130	187	0	1.81367755	0.217668652	0.217723549	0.21763886	0.21780839	8.07351248e-05	0.000590422866	0	100	0	0	0	3
131	188	0	1.82762891	0.217680173	0.217719987	0.21763886	0.217794802	8.42966862e-05	0.000590422866	0	100	0	0	0	3
132	189	0	1.84158028	0.217678892	0.217716768	0.21763886	0.217788897	8.75164224e-05	0.000590422866	0	100	0	0	0	3
133	191	0	1.85553164	0.217691866	0.217714072	0.21763886	0.217776571	9.02117322e-05	0.000590422866	0	100	0	0	0	3
134	192	0	1.86948301	0.217674333	0.217711323	0.21763886	0.217776571	9.29611176e-05	0.000590422866	0	100	0	0	0	3
135	193	0	1.88343438	0.21765878	0.217708486	0.21763886	0.217776571	9.57980899e-05	0.000590422866	0	100	0	0	0	3
136	195	0	1.89738574	0.217624025	0.217704795	0.217624025	0.217776571	9.94887527e-05	0.000590422866	0	100	0	0	0	3
137	196	0	1.91133711	0.217575196	0.217699354	0.217575196	0.217776571	0.000104929684	0.000590422866	0	100	0	0	0	3
138	197	0	1.92528847	0.217534682	0.217692737	0.217534682	0.217776571	0.000111547262	0.000590422866	0	100	0	0	0	3
139	199	0	1.93923984	0.217536191	0.217686397	0.217534682	0.217776571	0.00011788657	0.000590422866	0	100	0	0	0	3
140	200	0	1.95319121	0.217543257	0.217680689	0.217534682	0.217776571	0.000123594867	0.000590422866	0	100	0	0	0	3
141	201	0	1.96714257	0.217564313	0.217675678	0.217534682	0.217776571	0.000127788478	0.000590422866	0	100	0	0	0	3
142	203	0	1.98109394	0.21759635	0.2176718	0.217534682	0.217776571	0.000130187321	0.000590422866	0	100	0	0	0	3
143	204	0	1.9950453	0.217607701	0.217668164	0.217534682	0.217776571	0.000132553481	0.000590422866	0	100	0	0	0	3
144	206	0	2.00899667	0.217635178	0.217665048	0.217534682	0.217776571	0.000134160621	0.000590422866	0	100	0	0	0	3
145	207	0	2.02294803	0.217646814	0.217661911	0.217534682	0.217776571	0.000135486442	0.000590422866	0	100	0	0	0	3
146	208	0	2.0368994	0.217669791	0.217659244	0.217534682	0.217776571	0.000136046291	0.000590422866	0	100	0	0	0	3
147	210	0	2.05085077	0.217677332	0.217656503	0.217534682	0.217776571	0.000136198706	0.000590422866	0	100	0	0	0	3
148	211	0	2.06480213	0.217683434	0.217653916	0.217534682	0.217765179	0.000135677982	0.000590422866	0	100	0	0	0	3
149	212	0	2.0787535	0.217662524	0.217651064	0.217534682	0.217742884	0.000135322107	0.000590422866	0	100	0	0	0	3
150	214	0	2.09270486	0.217637376	0.217648134	0.217534682	0.217724306	0.00013440036	0.000590422866	0	100	0	0	0	3
151	215	0	2.10665623	0.217619345	0.217645218	0.217534682	0.217696153	0.000133008259	0.000590422866	0	100	0	0	0	3
152	216	0	2.12060759	0.217600419	0.217642559	0.217534682	0.217694478	0.000131011108	0.000590422866	0	100	0	0	0	3
153	218	0	2.13455896	0.217593716	0.21763976	0.217534682	0.217691866	0.000129111716	0.000590422866	0	100	0	0	0	3
154	219	0	2.14851033	0.217590682	0.217637112	0.217534682	0.217691866	0.000126759001	0.000590422866	0	100	0	0	0	3
155	220	0	2.16246169	0.217586312	0.21763443	0.217534682	0.217691866	0.000123824559	0.000590422866	0	100	0	0	0	3
156	222	0	2.17641306	0.217588934	0.217632292	0.217534682	0.217691866	0.00012031853	0.000590422866	0	100	0	0	0	3
157	223	0	2.19036442	0.217589407	0.2176305	0.217534682	0.217691866	0.000116842509	0.000590422866	0	100	0	0	0	3
158	224	0	2.20431579	0.217583707	0.21762891	0.217534682	0.217691866	0.000114014691	0.000590422866	0	100	0	0	0	3
159	226	0	2.21826715	0.217577227	0.217626923	0.217534682	0.217691866	0.00011207031	0.000590422866	0	100	0	0	0	3
160	227	0	2.23221852	0.21757228	0.217625074	0.217534682	0.217691866	0.00011093432	0.000590422866	0	100	0	0	0	3
161	229	0	2.24616989	0.217558622	0.217622256	0.217534682	0.217691866	0.00011145086	0.000590422866	0	100	0	0	0	3
162	230	0	2.26012125	0.217557607	0.217619171	0.217534682	0.217691866	0.000112529633	0.000590422866	0	100	0	0	0	3
163	231	0	2.27407262	0.217570828	0.217616209	0.217534682	0.217691866	0.0001133525	0.000590422866	0	100	0	0	0	3
164	233	0	2.28802398	0.217593385	0.217613991	0.217534682	0.217691866	0.000112890689	0.000590422866	0	100	0	0	0	3
165	234	0	2.30197535	0.21761077	0.217612225	0.217534682	0.217691866	0.000111323829	0.000590422866	0	100	0	0	0	3
166	235	0	2.31592671	0.217632451	0.217611219	0.217534682	0.217691866	0.000108767875	0.000590422866	0	100	0	0	0	3
167	237	0	2.32987808	0.217630365	0.217609836	0.217534682	0.217691866	0.000106931716	0.000590422866	0	100	0	0	0	3
168	238	0	2.34382945	0.217644072	0.217608869	0.217534682	0.217691866	0.000105203634	0.000590422866	0	100	0	0	0	3
169	239	0	2.35778081	0.217643786	0.217607533	0.217534682	0.217683434	0.00010378978	0.000590422866	0	100	0	0	0	3
170	241	0	2.37173218	0.217650571	0.217606873	0.217534682	0.217683434	0.000101612861	0.000590422866	0	100	0	0	0	3
171	242	0	2.38568354	0.217628051	0.217606019	0.217534682	0.217683434	9.87757648e-05	0.000590422866	0	100	0	0	0	3
172	243	0	2.39963491	0.217616796	0.217605819	0.217534682	0.217683434	9.35356327e-05	0.000590422866	0	100	0	0	0	3
173	245	0	2.41358627	0.217573519	0.217605772	0.217534682	0.217683434	8.69646211e-05	0.000590422866	0	100	0	0	0	3
174	246	0	2.42753764	0.217553243	0.217606288	0.217536191	0.217683434	8.06253133e-05	0.000590422866	0	100	0	0	0	3
175	248	0	2.44148901	0.217514078	0.217605673	0.217514078	0.217683434	7.50156851e-05	0.000590422866	0	100	0	0	0	3
176	249	0	2.45544037	0.217504871	0.217604607	0.217504871	0.217683434	7.10707447e-05	0.000590422866	0	100	0	0	0	3
177	250	0	2.46939174	0.217482622	0.217602338	0.217482622	0.217683434	6.94619557e-05	0.000590422866	0	100	0	0	0	3
178	252	0	2.4833431	0.217484609	0.217599234	0.217482622	0.217683434	6.89304438e-05	0.000590422866	0	100	0	0	0	3
179	253	0	2.49729447	0.217473248	0.217595499	0.217473248	0.217683434	6.95483513e-05	0.000590422866	0	100	0	0	0	3
180	254	0	2.51124584	0.217488055	0.217591412	0.217473248	0.217683434	7.0498118e-05	0.000590422866	0	100	0	0	0	3
181	256	0	2.5251972	0.217490237	0.217587063	0.217473248	0.217683434	7.21810281e-05	0.000590422866	0	100	0	0	0	3
182	257	0	2.53914857	0.217518587	0.217582863	0.217473248	0.217683434	7.36401437e-05	0.000590422866	0	100	0	0	0	3
183	258	0	2.55309993	0.217518553	0.217578453	0.217473248	0.217683434	7.54635243e-05	0.000590422866	0	100	0	0	0	3
184	260	0	2.5670513	0.2175336	0.21757429	0.217473248	0.217662524	7.6774033e-05	0.000590422866	0	100	0	0	0	3
185	261	0	2.58100266	0.217516659	0.217570239	0.217473248	0.217650571	7.78950544e-05	0.000590422866	0	100	0	0	0	3
186	263	0	2.59495403	0.217517388	0.217566906	0.217473248	0.217650571	7.83124644e-05	0.000590422866	0	100	0	0	0	3
187	264	0	2.6089054	0.21749654	0.217563494	0.217473248	0.217650571	7.90644289e-05	0.000590422866	0	100	0	0	0	3
188	265	0	2.62285676	0.217499589	0.217560694	0.217473248	0.217650571	7.90663165e-05	0.000590422866	0	100	0	0	0	3
189	267	0	2.63680813	0.217480867	0.217557559	0.217473248	0.217650571	7.95532826e-05	0.000590422866	0	100	0	0	0	3
190	268	0	2.65075949	0.217482241	0.217554547	0.217473248	0.217650571	7.98833806e-05	0.000590422866	0	100	0	0	0	3
191	269	0	2.66471086	0.217467314	0.217551241	0.217467314	0.217650571	8.10509094e-05	0.000590422866	0	100	0	0	0	3
192	271	0	2.67866222	0.217492526	0.217548563	0.217467314	0.217650571	8.1936513e-05	0.000590422866	0	100	0	0	0	3
193	272	0	2.69261359	0.217492678	0.217545876	0.217467314	0.217650571	8.303414e-05	0.000590422866	0	100	0	0	0	3
194	274	0	2.70656496	0.217519229	0.217544085	0.217467314	0.217650571	8.2837863e-05	0.000590422866	0	100	0	0	0	3
195	275	0	2.72051632	0.217512621	0.217542291	0.217467314	0.217650571	8.27830474e-05	0.000590422866	0	100	0	0	0	3
196	276	0	2.73446769	0.217533194	0.217541205	0.217467314	0.217650571	8.10513443e-05	0.000590422866	0	100	0	0	0	3
197	278	0	2.74841905	0.217512581	0.217539926	0.217467314	0.217650571	7.92454579e-05	0.000590422866	0	100	0	0	0	3
198	279	0	2.76237042	0.217498977	0.217538297	0.217467314	0.217650571	7.79118623e-05	0.000590422866	0	100	0	0	0	3
199	280	0	2.77632178	0.217485938	0.217535939	0.217467314	0.217650571	7.80513132e-05	0.000590422866	0	100	0	0	0	3
200	282	0	2.79027315	0.217501071	0.217533375	0.217467314	0.217650571	7.88500486e-05	0.000590422866	0	100	0	0	0	3
201	283	0	2.80422452	0.217471908	0.217529518	0.217467314	0.217650571	8.17017334e-05	0.000590422866	0	100	0	0	0	3
202	285	0	2.81817588	0.217471263	0.21752504	0.217467314	0.217650571	8.47955796e-05	0.000590422866	0	100	0	0	0	3
203	286	0	2.83212725	0.217435758	0.217519635	0.217435758	0.217650571	8.92340808e-05	0.000590422866	0	100	0	0	0	3
204	288	0	2.84607861	0.21743437	0.217513809	0.21743437	0.217650571	9.37236005e-05	0.000590422866	0	100	0	0	0	3
205	289	0	2.86002998	0.217405325	0.217507186	0.217405325	0.217650571	9.96874816e-05	0.000590422866	0	100	0	0	0	3
206	290	0	2.87398134	0.217404354	0.217500346	0.217404354	0.217628051	0.000105941481	0.000590422866	0	100	0	0	0	3
207	292	0	2.88793271	0.21739567	0.217493891	0.21739567	0.217616796	0.000112396509	0.000590422866	0	100	0	0	0	3
208	293	0	2.90188408	0.21741334	0.21748824	0.21739567	0.217573519	0.000118048079	0.000590422866	0	100	0	0	0	3
209	294	0	2.91583544	0.217427503	0.217484184	0.21739567	0.217553243	0.000122104071	0.000590422866	0	100	0	0	0	3
210	296	0	2.92978681	0.217463698	0.217481696	0.21739567	0.2175336	0.000123977202	0.000590422866	0	100	0	0	0	3
211	297	0	2.94373817	0.217484553	0.217480876	0.21739567	0.2175336	0.000123731061	0.000590422866	0	100	0	0	0	3
212	299	0	2.95768954	0.217516087	0.217481188	0.21739567	0.2175336	0.000121461859	0.000590422866	0	100	0	0	0	3
213	300	0	2.9716409	0.217511133	0.21748198	0.21739567	0.2175336	0.000118357952	0.000590422866	0	100	0	0	0	3
214	301	0	2.98559227	0.217512301	0.217482749	0.21739567	0.2175336	0.000114623144	0.000590422866	0	100	0	0	0	3
215	303	0	2.99954364	0.217491526	0.217483257	0.21739567	0.2175336	0.000110536403	0.000590422866	0	100	0	0	0	3
216	304	0	3.013495	0.21749044	0.217483323	0.21739567	0.2175336	0.000106187068	0.000590422866	0	100	0	0	0	3
217	305	0	3.02744637	0.217472747	0.217482837	0.21739567	0.2175336	0.000101986967	0.000590422866	0	100	0	0	0	3
218	307	0	3.04139773	0.217478244	0.217481716	0.21739567	0.2175336	9.75764426e-05	0.000590422866	0	100	0	0	0	3
219	308	0	3.0553491	0.21744166	0.21747958	0.21739567	0.2175336	9.47100835e-05	0.000590422866	0	100	0	0	0	3
220	310	0	3.06930047	0.217420866	0.217476449	0.21739567	0.217533194	9.37897836e-05	0.000590422866	0	100	0	0	0	3
221	311	0	3.08325183	0.217370853	0.217472399	0.217370853	0.217533194	9.45069487e-05	0.000590422866	0	100	0	0	0	3
222	312	0	3.0972032	0.217386444	0.217468761	0.217370853	0.217533194	9.47330478e-05	0.000590422866	0	100	0	0	0	3
223	314	0	3.11115456	0.217395088	0.217465943	0.217370853	0.217533194	9.47503374e-05	0.000590422866	0	100	0	0	0	3
224	315	0	3.12510593	0.217458146	0.217464792	0.217370853	0.217533194	9.27668148e-05	0.000590422866	0	100	0	0	0	3
225	316	0	3.13905729	0.217471113	0.217464521	0.217370853	0.217533194	9.00255062e-05	0.000590422866	0	100	0	0	0	3
226	318	0	3.15300866	0.217493693	0.217464839	0.217370853	0.217533194	8.6719989e-05	0.000590422866	0	100	0	0	0	3
227	319	0	3.16696003	0.217493818	0.217465575	0.217370853	0.217533194	8.4041991e-05	0.000590422866	0	100	0	0	0	3
228	320	0	3.18091139	0.217505106	0.217465925	0.217370853	0.217533194	8.13550682e-05	0.000590422866	0	100	0	0	0	3
229	322	0	3.19486276	0.217477437	0.217465502	0.217370853	0.217533194	7.95640247e-05	0.000590422866	0	100	0	0	0	3
230	323	0	3.20881412	0.217460871	0.21746388	0.217370853	0.217533194	7.84100323e-05	0.000590422866	0	100	0	0	0	3
231	325	0	3.22276549	0.217427902	0.217461527	0.217370853	0.217533194	7.96776211e-05	0.000590422866	0	100	0	0	0	3
232	326	0	3.23671685	0.217431995	0.217458716	0.217370853	0.217516087	8.12098082e-05	0.000590422866	0	100	0	0	0	3
233	327	0	3.25066822	0.217414619	0.217455995	0.217370853	0.217516087	8.23023642e-05	0.000590422866	0	100	0	0	0	3
234	329	0	3.26461959	0.217427429	0.217454007	0.217370853	0.217516087	8.19317603e-05	0.000590422866	0	100	0	0	0	3
235	330	0	3.27857095	0.217425182	0.21745232	0.217370853	0.217516087	8.10551715e-05	0.000590422866	0	100	0	0	0	3
236	331	0	3.29252232	0.217443979	0.217450734	0.217370853	0.217516087	7.87837703e-05	0.000590422866	0	100	0	0	0	3
237	333	0	3.30647368	0.217453417	0.21745022	0.217370853	0.217516087	7.48199697e-05	0.000590422866	0	100	0	0	0	3
238	334	0	3.32042505	0.217478258	0.217450415	0.217370853	0.217516087	6.9414241e-05	0.000590422866	0	100	0	0	0	3
239	335	0	3.33437641	0.217482396	0.21745171	0.217370853	0.217516087	6.35891893e-05	0.000590422866	0	100	0	0	0	3
240	337	0	3.34832778	0.217494551	0.217453382	0.217370853	0.217516087	5.69652557e-05	0.000590422866	0	100	0	0	0	3
241	338	0	3.36227915	0.217480089	0.217455459	0.217370853	0.217516087	5.01258986e-05	0.000590422866	0	100	0	0	0	3
242	339	0	3.37623051	0.217484198	0.217457676	0.217370853	0.217516087	4.36708709e-05	0.000590422866	0	100	0	0	0	3
243	341	0	3.39018188	0.2174633	0.217459555	0.217370853	0.217516087	3.80193009e-05	0.000590422866	0	100	0	0	0	3
244	342	0	3.40413324	0.217453604	0.217460673	0.217370853	0.217516087	3.39633084e-05	0.000590422866	0	100	0	0	0	3
245	344	0	3.41808461	0.21743258	0.217460815	0.217370853	0.217516087	3.31025092e-05	0.000590422866	0	100	0	0	0	3
246	345	0	3.43203597	0.217434555	0.217460005	0.217370853	0.217516087	3.31025092e-05	0.000590422866	0	100	0	0	0	3
247	346	0	3.44598734	0.217419242	0.217458191	0.217370853	0.217516087	3.31025092e-05	0.000590422866	0	100	0	0	0	3
248	348	0	3.45993871	0.217431272	0.217455835	0.217370853	0.217512301	3.31025092e-05	0.000590422866	0	100	0	0	0	3
249	349	0	3.47389007	0.217425344	0.217453452	0.217370853	0.217512301	3.31025092e-05	0.000590422866	0	100	0	0	0	3
250	350	0	3.48784144	0.21744075	0.217451464	0.217370853	0.217505106	3.31025092e-05	0.000590422866	0	100	0	0	0	3
251	352	0	3.5017928	0.217436086	0.217449924	0.217370853	0.217505106	3.33985027e-05	0.000590422866	0	100	0	0	0	3
252	353	0	3.51574417	0.21745584	0.217448963	0.217370853	0.217505106	3.38737644e-05	0.000590422866	0	100	0	0	0	3
253	354	0	3.52969553	0.217445991	0.21744822	0.217370853	0.217505106	3.34963399e-05	0.000590422866	0	100	0	0	0	3
254	356	0	3.5436469	0.217465628	0.217447869	0.217370853	0.217505106	3.17108741e-05	0.000590422866	0	100	0	0	0	3
255	357	0	3.55759827	0.217455837	0.217448263	0.217370853	0.217505106	2.85793818e-05	0.000590422866	0	100	0	0	0	3
256	358	0	3.57154963	0.217464221	0.217449468	0.217370853	0.217505106	2.45292087e-05	0.000590422866	0	100	0	0	0	3
257	360	0	3.585501	0.217441832	0.217451439	0.217386444	0.217505106	2.08918697e-05	0.000590422866	0	100	0	0	0	3
258	361	0	3.59945236	0.217443593	0.217453027	0.217395088	0.217505106	1.80737446e-05	0.000590422866	0	100	0	0	0	3
259	362	0	3.61340373	0.217458727	0.217454794	0.217414619	0.217505106	1.80554258e-05	0.000590422866	0	100	0	0	0	3
260	364	0	3.6273551	0.217494962	0.217455817	0.217414619	0.217505106	1.80554258e-05	0.000590422866	0	100	0	0	0	3
261	365	0	3.64130646	0.217499737	0.217456612	0.217414619	0.217505106	1.80554258e-05	0.000590422866	0	100	0	0	0	3
262	367	0	3.65525783	0.217500324	0.217456796	0.217414619	0.217505106	1.80554258e-05	0.000590422866	0	100	0	0	0	3
263	368	0	3.66920919	0.217468729	0.2174561	0.217414619	0.217505106	1.80554258e-05	0.000590422866	0	100	0	0	0	3
264	369	0	3.68316056	0.217449602	0.217454558	0.217414619	0.217500324	1.76320455e-05	0.000590422866	0	100	0	0	0	3
265	371	0	3.69711192	0.217408552	0.217452644	0.217408552	0.217500324	1.60109877e-05	0.000590422866	0	100	0	0	0	3
266	372	0	3.71106329	0.217380249	0.217450405	0.217380249	0.217500324	1.36576885e-05	0.000590422866	0	100	0	0	0	3
267	373	0	3.72501466	0.217344497	0.217448088	0.217344497	0.217500324	1.29450068e-05	0.000590422866	0	100	0	0	0	3
268	375	0	3.73896602	0.2173217	0.217445024	0.2173217	0.217500324	1.5790238e-05	0.000590422866	0	100	0	0	0	3
269	376	0	3.75291739	0.217313782	0.217442223	0.217313782	0.217500324	1.85912731e-05	0.000590422866	0	100	0	0	0	3
270	378	0	3.76686875	0.217334483	0.217439641	0.217313782	0.217500324	2.11731281e-05	0.000590422866	0	100	0	0	0	3
271	379	0	3.78082012	0.217362406	0.217437898	0.217313782	0.217500324	2.29168837e-05	0.000590422866	0	100	0	0	0	3
272	380	0	3.79477148	0.217409961	0.217436953	0.217313782	0.217500324	2.38618171e-05	0.000590422866	0	100	0	0	0	3
273	382	0	3.80872285	0.21744253	0.21743665	0.217313782	0.217500324	2.41642365e-05	0.000590422866	0	100	0	0	0	3
274	383	0	3.82267422	0.217485673	0.217436856	0.217313782	0.217500324	2.41642365e-05	0.000590422866	0	100	0	0	0	3
275	384	0	3.83662558	0.21750304	0.21743743	0.217313782	0.21750304	2.41642365e-05	0.000590422866	0	100	0	0	0	3
276	386	0	3.85057695	0.217518842	0.217438104	0.217313782	0.217518842	2.41642365e-05	0.000590422866	0	100	0	0	0	3
277	387	0	3.86452831	0.217488515	0.217438338	0.217313782	0.217518842	2.41642365e-05	0.000590422866	0	100	0	0	0	3
278	388	0	3.87847968	0.217452759	0.217437465	0.217313782	0.217518842	2.41642365e-05	0.000590422866	0	100	0	0	0	3
279	390	0	3.89243104	0.217404467	0.217435831	0.217313782	0.217518842	2.49835403e-05	0.000590422866	0	100	0	0	0	3
280	391	0	3.90638241	0.217370306	0.217433517	0.217313782	0.217518842	2.7297367e-05	0.000590422866	0	100	0	0	0	3
281	392	0	3.92033378	0.217341929	0.217430999	0.217313782	0.217518842	2.90059186e-05	0.000590422866	0	100	0	0	0	3
282	394	0	3.93428514	0.217345388	0.217428522	0.217313782	0.217518842	2.96686086e-05	0.000590422866	0	100	0	0	0	3
283	395	0	3.94823651	0.217339303	0.217426302	0.217313782	0.217518842	3.04948266e-05	0.000590422866	0	100	0	0	0	3
284	397	0	3.96218787	0.217352658	0.217424118	0.217313782	0.217518842	3.26785606e-05	0.000590422866	0	100	0	0	0	3
285	398	0	3.97613924	0.217352506	0.217422095	0.217313782	0.217518842	3.47018386e-05	0.000590422866	0	100	0	0	0	3
286	399	0	3.9900906	0.217379772	0.217420401	0.217313782	0.217518842	3.63956824e-05	0.000590422866	0	100	0	0	0	3
287	401	0	4.00404197	0.217382977	0.217418926	0.217313782	0.217518842	3.78709356e-05	0.000590422866	0	100	0	0	0	3
