Iteration	CPUTime	PhysTime	Travels	Value	AvValue	MinValue	MaxValue	Delta	Criteria	Progress	dGMaxMin	CriteriaType	CriteriaVarType	CriteriaPercentage
1	8	0	0.0139513658	-5.41595043e-05	-5.41595043e-05	-5.41595043e-05	-5.41595043e-05	0	0	0	0	0	0	0	3
2	10	0	0.0279027315	-1.38376955e-05	-3.39985999e-05	-5.41595043e-05	-1.38376955e-05	2.01609044e-05	0	0	0	0	0	0	3
3	11	0	0.0418540973	2.84873161e-05	-1.31699612e-05	-5.41595043e-05	2.84873161e-05	4.09895431e-05	0	0	0	0	0	0	3
4	13	0	0.055805463	5.56952645e-05	4.04634519e-06	-5.41595043e-05	5.56952645e-05	5.82058495e-05	0	0	0	0	0	0	3
5	14	0	0.0697568288	8.10384764e-05	1.94447714e-05	-5.41595043e-05	8.10384764e-05	7.36042758e-05	0	0	0	0	0	0	3
6	16	0	0.0837081945	0.000124117721	3.6890263e-05	-5.41595043e-05	0.000124117721	9.10497674e-05	0	0	0	0	0	0	3
7	17	0	0.0976595603	0.000170151588	5.59275951e-05	-5.41595043e-05	0.000170151588	0.000110087099	0	0	0	0	0	0	3
8	18	0	0.111610926	0.000224041143	7.69417887e-05	-5.41595043e-05	0.000224041143	0.000131101293	0	0	0	0	0	0	3
9	20	0	0.125562292	0.000283833465	9.99297527e-05	-5.41595043e-05	0.000283833465	0.000154089257	0	0	0	0	0	0	3
10	21	0	0.139513658	0.000346814271	0.000124618205	-5.41595043e-05	0.000346814271	0.000178777709	0	0	0	0	0	0	3
11	22	0	0.153465023	0.000441868937	0.00015345918	-5.41595043e-05	0.000441868937	0.000207618685	0	0	0	0	0	0	3
12	23	0	0.167416389	0.000544110402	0.000186013449	-5.41595043e-05	0.000544110402	0.000240172953	0	0	0	0	0	0	3
13	25	0	0.181367755	0.000654217442	0.000222029141	-5.41595043e-05	0.000654217442	0.000276188645	0	0	0	0	0	0	3
14	26	0	0.195319121	0.000767080986	0.000260961415	-5.41595043e-05	0.000767080986	0.00031512092	0	0	0	0	0	0	3
15	27	0	0.209270486	0.000879877931	0.000302222516	-5.41595043e-05	0.000879877931	0.000356382021	0	0	0	0	0	0	3
16	29	0	0.223221852	0.00105381227	0.000349196876	-5.41595043e-05	0.00105381227	0.00040335638	0	0	0	0	0	0	3
17	30	0	0.237173218	0.00123528549	0.000401319735	-5.41595043e-05	0.00123528549	0.000455479239	0	0	0	0	0	0	3
18	32	0	0.251124584	0.00140987038	0.000457350327	-5.41595043e-05	0.00140987038	0.000511509831	0	0	0	0	0	0	3
19	33	0	0.265075949	0.00158339401	0.000516615784	-5.41595043e-05	0.00158339401	0.000570775288	0	0	0	0	0	0	3
20	34	0	0.279027315	0.00175718684	0.000578644336	-5.41595043e-05	0.00175718684	0.000632803841	0	0	0	0	0	0	3
21	36	0	0.292978681	0.00200470355	0.000646551918	-5.41595043e-05	0.00200470355	0.000700711422	0	0	0	0	0	0	3
22	37	0	0.306930047	0.00223161091	0.000718600054	-5.41595043e-05	0.00223161091	0.000772759558	0	0	0	0	0	0	3
23	38	0	0.320881412	0.00240967054	0.000792124858	-5.41595043e-05	0.00240967054	0.000846284362	0	0	0	0	0	0	3
24	40	0	0.334832778	0.00254333651	0.00086509201	-5.41595043e-05	0.00254333651	0.000919251514	0	0	0	0	0	0	3
25	41	0	0.348784144	0.0026132802	0.000935019538	-5.41595043e-05	0.0026132802	0.000989179042	0	0	0	0	0	0	3
26	43	0	0.36273551	0.00263252682	0.00100030828	-5.41595043e-05	0.00263252682	0.00105446778	0	0	0	0	0	0	3
27	44	0	0.376686875	0.0025646647	0.00105824741	-5.41595043e-05	0.00263252682	0.00111240691	0	0	0	0	0	0	3
28	45	0	0.390638241	0.00244682083	0.00110783931	-5.41595043e-05	0.00263252682	0.00116199882	0	0	0	0	0	0	3
29	47	0	0.404589607	0.00227041916	0.00114792827	-5.41595043e-05	0.00263252682	0.00120208778	0	0	0	0	0	0	3
30	48	0	0.418540973	0.0020637623	0.00117845608	-5.41595043e-05	0.00263252682	0.00123261558	0	0	0	0	0	0	3
31	50	0	0.432492338	0.00174224549	0.00119664283	-5.41595043e-05	0.00263252682	0.00125080233	0	0	0	0	0	0	3
32	51	0	0.446443704	0.00142656716	0.00120382797	-5.41595043e-05	0.00263252682	0.00125798747	0	0	0	0	0	0	3
33	52	0	0.46039507	0.00111532357	0.00120114601	-5.41595043e-05	0.00263252682	0.00125798747	0	0	0	0	0	0	3
34	54	0	0.474346436	0.000784680862	0.00118889704	-5.41595043e-05	0.00263252682	0.00125798747	0	0	0	0	0	0	3
35	55	0	0.488297801	0.000505106759	0.00116936017	-5.41595043e-05	0.00263252682	0.00125798747	0	0	0	0	0	0	3
36	57	0	0.502249167	0.00021181671	0.00114276174	-5.41595043e-05	0.00263252682	0.00125798747	0	0	0	0	0	0	3
37	58	0	0.516200533	9.16580556e-05	0.00114681223	-1.38376955e-05	0.00263252682	0.00123782657	0	0	0	0	0	0	3
38	60	0	0.530151899	0.000143616265	0.00115118595	2.84873161e-05	0.00263252682	0.00121699793	0	0	0	0	0	0	3
39	61	0	0.544103264	0.000366469498	0.00116057435	5.56952645e-05	0.00263252682	0.00119978162	0	0	0	0	0	0	3
40	63	0	0.55805463	0.000635918163	0.00117669165	8.10384764e-05	0.00263252682	0.00118438319	0	0	0	0	0	0	3
41	64	0	0.572005996	0.000966675818	0.00120129269	9.16580556e-05	0.00263252682	0.0011669377	0	0	0	0	0	0	3
42	65	0	0.585957362	0.00117770062	0.00123055888	9.16580556e-05	0.00263252682	0.00117463128	0	0	0	0	0	0	3
43	67	0	0.599908727	0.0012463392	0.00126045298	9.16580556e-05	0.00263252682	0.00118351119	0	0	0	0	0	0	3
44	68	0	0.613860093	0.0011324458	0.00128568644	9.16580556e-05	0.00263252682	0.00118575669	0	0	0	0	0	0	3
45	70	0	0.627811459	0.00100995942	0.00130585661	9.16580556e-05	0.00263252682	0.0011812384	0	0	0	0	0	0	3
46	71	0	0.641762825	0.000781577367	0.00131793336	9.16580556e-05	0.00263252682	0.00116447418	0	0	0	0	0	0	3
47	72	0	0.65571419	0.000633789076	0.00132326448	9.16580556e-05	0.00263252682	0.00113725103	0	0	0	0	0	0	3
48	74	0	0.669665556	0.00049650176	0.00132194201	9.16580556e-05	0.00263252682	0.00110123533	0	0	0	0	0	0	3
49	75	0	0.683616922	0.000484182157	0.00131721881	9.16580556e-05	0.00263252682	0.00106230306	0	0	0	0	0	0	3
50	77	0	0.697568288	0.000457663348	0.00130862388	9.16580556e-05	0.00263252682	0.00102104196	0	0	0	0	0	0	3
51	78	0	0.711519653	0.000502709844	0.00129814698	9.16580556e-05	0.00263252682	0.0009740676	0	0	0	0	0	0	3
52	79	0	0.725471019	0.000482853145	0.00128228701	9.16580556e-05	0.00263252682	0.00092194474	0	0	0	0	0	0	3
53	81	0	0.739422385	0.000515853105	0.00126230278	9.16580556e-05	0.00263252682	0.000865914149	0	0	0	0	0	0	3
54	82	0	0.753373751	0.000522149087	0.00123764385	9.16580556e-05	0.00263252682	0.000806648692	0	0	0	0	0	0	3
55	83	0	0.767325116	0.000592107701	0.00121010812	9.16580556e-05	0.00263252682	0.000744620139	0	0	0	0	0	0	3
56	85	0	0.781276482	0.000638867163	0.00117904369	9.16580556e-05	0.00263252682	0.000676712557	0	0	0	0	0	0	3
57	86	0	0.795227848	0.000679803023	0.00114224089	9.16580556e-05	0.00263252682	0.000604664421	0	0	0	0	0	0	3
58	88	0	0.809179214	0.000682032634	0.00109919705	9.16580556e-05	0.00263252682	0.000531139618	0	0	0	0	0	0	3
59	89	0	0.823130579	0.00069533601	0.00105157665	9.16580556e-05	0.00263252682	0.000458172465	0	0	0	0	0	0	3
60	90	0	0.837081945	0.00068860447	0.00100005631	9.16580556e-05	0.00263252682	0.000388244938	0	0	0	0	0	0	3
61	92	0	0.851033311	0.000708409996	0.000947143253	9.16580556e-05	0.00263252682	0.000376121223	0	0	0	0	0	0	3
62	93	0	0.864984677	0.000719791777	0.000894011724	9.16580556e-05	0.0025646647	0.000429252751	0	0	0	0	0	0	3
63	95	0	0.878936042	0.000749008496	0.000843576829	9.16580556e-05	0.00244682083	0.000479687646	0	0	0	0	0	0	3
64	96	0	0.892887408	0.000747347366	0.000796369233	9.16580556e-05	0.00227041916	0.000526895242	0	0	0	0	0	0	3
65	97	0	0.906838774	0.000765042793	0.000754553223	9.16580556e-05	0.0020637623	0.000568711253	0	0	0	0	0	0	3
66	99	0	0.92079014	0.000732678649	0.000717578677	9.16580556e-05	0.00174224549	0.000605685798	0	0	0	0	0	0	3
67	100	0	0.934741505	0.00074036142	0.000689748564	9.16580556e-05	0.00142656716	0.000633515912	0	0	0	0	0	0	3
68	101	0	0.948692871	0.000715638035	0.000670000532	9.16580556e-05	0.0012463392	0.000653263943	0	0	0	0	0	0	3
69	103	0	0.962644237	0.000732732643	0.000659373007	9.16580556e-05	0.0012463392	0.000663891469	0	0	0	0	0	0	3
70	104	0	0.976595603	0.000734604883	0.000657982007	9.16580556e-05	0.0012463392	0.000665282468	0	0	0	0	0	0	3
71	106	0	0.990546968	0.000779482942	0.000665603568	9.16580556e-05	0.0012463392	0.000665282468	0	0	0	0	0	0	3
72	107	0	1.00449833	0.000792761568	0.000681740925	9.16580556e-05	0.0012463392	0.000665282468	7.81211851e-05	0	11.7	0	0	0	3
73	108	0	1.0184497	0.000815332327	0.000701842988	0.000143616265	0.0012463392	0.000665282468	7.81211851e-05	0	11.7	0	0	0	3
74	110	0	1.03240107	0.000813296251	0.00072044521	0.000366469498	0.0012463392	0.000665282468	7.81211851e-05	0	11.7	0	0	0	3
75	111	0	1.04635243	0.00082767106	0.000733256365	0.000457663348	0.0012463392	0.000665282468	7.81211851e-05	0	11.7	0	0	0	3
76	112	0	1.0603038	0.000817109146	0.000738289447	0.000457663348	0.0012463392	0.000665282468	7.81211851e-05	0	11.7	0	0	0	3
77	114	0	1.07425516	0.000832781933	0.000734570173	0.000457663348	0.0012463392	0.000665282468	7.81211851e-05	0	11.7	0	0	0	3
78	115	0	1.08820653	0.000836977112	0.000725105631	0.000457663348	0.0012463392	0.000665282468	7.81211851e-05	0	11.7	0	0	0	3
79	117	0	1.10215789	0.000845020383	0.000713957886	0.000457663348	0.0011324458	0.000665282468	7.81211851e-05	0	11.7	0	0	0	3
80	118	0	1.11610926	0.000825180108	0.000705422728	0.000457663348	0.00100995942	0.000552296069	7.81211851e-05	0	14.1	0	0	0	3
81	119	0	1.13006063	0.000824179959	0.000700262187	0.000457663348	0.000845020383	0.000387357035	7.81211851e-05	0	20.1	0	0	0	3
82	121	0	1.14401199	0.000785149475	0.000700361412	0.000457663348	0.000845020383	0.000387357035	7.81211851e-05	0	20.1	0	0	0	3
83	122	0	1.15796336	0.000782329361	0.000704487531	0.000457663348	0.000845020383	0.000387357035	7.81211851e-05	0	20.1	0	0	0	3
84	123	0	1.17191472	0.000750078987	0.000711531343	0.000457663348	0.000845020383	0.000387357035	7.81211851e-05	0	20.1	0	0	0	3
85	125	0	1.18586609	0.000746063169	0.000718805816	0.000457663348	0.000845020383	0.000387357035	7.81211851e-05	0	20.1	0	0	0	3
86	126	0	1.19981745	0.000723277348	0.000726183982	0.000482853145	0.000845020383	0.000362167238	7.81211851e-05	0	21.5	0	0	0	3
87	128	0	1.21376882	0.000736380689	0.000732674839	0.000482853145	0.000845020383	0.000362167238	7.81211851e-05	0	21.5	0	0	0	3
88	129	0	1.22772019	0.000730057327	0.000739541622	0.000515853105	0.000845020383	0.000329167278	7.81211851e-05	0	23.7	0	0	0	3
89	130	0	1.24167155	0.000748925954	0.000746015868	0.000522149087	0.000845020383	0.000322871296	7.81211851e-05	0	24.1	0	0	0	3
90	132	0	1.25562292	0.00073957698	0.000752055532	0.000592107701	0.000845020383	0.000252912681	7.81211851e-05	0	30.8	0	0	0	3
91	133	0	1.26957428	0.000750426924	0.000756453288	0.000638867163	0.000845020383	0.00020615322	7.81211851e-05	0	37.8	0	0	0	3
92	134	0	1.28352565	0.000735512277	0.000759137874	0.000679803023	0.000845020383	0.00016521736	7.81211851e-05	0	47.2	0	0	0	3
93	136	0	1.29747701	0.000755967615	0.000761253557	0.000682032634	0.000845020383	0.000162987749	7.81211851e-05	0	47.9	0	0	0	3
94	137	0	1.31142838	0.000734779383	0.000762718745	0.00068860447	0.000845020383	0.000156415913	7.81211851e-05	0	49.9	0	0	0	3
95	138	0	1.32537975	0.000748619363	0.000764198838	0.00068860447	0.000845020383	0.000156415913	7.81211851e-05	0	49.9	0	0	0	3
96	140	0	1.33933111	0.000717546796	0.000765002792	0.000708409996	0.000845020383	0.000136610387	7.81211851e-05	0	57.1	0	0	0	3
97	141	0	1.35328248	0.00073848574	0.000765838229	0.000715638035	0.000845020383	0.000129382348	7.81211851e-05	0	60.3	0	0	0	3
98	143	0	1.36723384	0.000709359833	0.000765548453	0.000709359833	0.000845020383	0.00013566055	7.81211851e-05	0	57.5	0	0	0	3
99	144	0	1.38118521	0.000741849463	0.000765349591	0.000709359833	0.000845020383	0.00013566055	7.81211851e-05	0	57.5	0	0	0	3
100	145	0	1.39513658	0.00072257367	0.000764661432	0.000709359833	0.000845020383	0.000107856222	7.81211851e-05	0	72.4	0	0	0	3
101	147	0	1.40908794	0.000754005839	0.00076435485	0.000709359833	0.000845020383	0.000107856222	7.81211851e-05	0	72.4	0	0	0	3
102	148	0	1.42303931	0.0007447634	0.000764690538	0.000709359833	0.000845020383	0.000107856222	7.81211851e-05	0	72.4	0	0	0	3
103	150	0	1.43699067	0.000782544605	0.000765862293	0.000709359833	0.000845020383	0.000107880286	7.81211851e-05	0	72.4	0	0	0	3
104	151	0	1.45094204	0.000762071624	0.000767152115	0.000709359833	0.000845020383	0.000109170108	7.81211851e-05	0	71.5	0	0	0	3
105	153	0	1.4648934	0.000787933443	0.000768685471	0.000709359833	0.000845020383	0.000110703463	7.81211851e-05	0	70.5	0	0	0	3
106	154	0	1.47884477	0.000766715803	0.000769577441	0.000709359833	0.000845020383	0.000103973873	7.81211851e-05	0	75.1	0	0	0	3
107	155	0	1.49279614	0.000784845472	0.0007697264	0.000709359833	0.000845020383	8.79854746e-05	7.81211851e-05	0	88.7	0	0	0	3
108	157	0	1.5067475	0.000756872318	0.000768729476	0.000709359833	0.000845020383	6.94642125e-05	7.81211851e-05	0	100	0	0	0	3
109	158	0	1.52069887	0.000766878425	0.000767383534	0.000709359833	0.000845020383	6.94642125e-05	7.81211851e-05	0	100	0	0	0	3
110	160	0	1.53465023	0.000742924886	0.000765428774	0.000709359833	0.000845020383	6.94642125e-05	7.81211851e-05	0	100	0	0	0	3
111	161	0	1.5486016	0.000753761993	0.000763375745	0.000709359833	0.000845020383	6.94642125e-05	7.81211851e-05	0	100	0	0	0	3
112	162	0	1.56255296	0.000726242751	0.000760851678	0.000709359833	0.000845020383	6.94642125e-05	7.81211851e-05	0	100	0	0	0	3
113	164	0	1.57650433	0.00073889569	0.000758243727	0.000709359833	0.000845020383	6.94642125e-05	7.81211851e-05	0	100	0	0	0	3
114	165	0	1.5904557	0.000716075705	0.000754885354	0.000709359833	0.000845020383	6.94642125e-05	7.81211851e-05	0	100	0	0	0	3
115	166	0	1.60440706	0.00074368021	0.00075207035	0.000709359833	0.000825180108	6.94642125e-05	7.81211851e-05	0	100	0	0	0	3
116	168	0	1.61835843	0.00072853095	0.000749385651	0.000709359833	0.000824179959	6.94642125e-05	7.81211851e-05	0	100	0	0	0	3
117	169	0	1.63230979	0.000755235169	0.000747470518	0.000709359833	0.000787933443	6.93649873e-05	7.81211851e-05	0	100	0	0	0	3
118	170	0	1.64626116	0.000740164665	0.00074622094	0.000709359833	0.000787933443	6.52388683e-05	7.81211851e-05	0	100	0	0	0	3
119	172	0	1.66021252	0.000759824564	0.000745595806	0.000709359833	0.000787933443	5.81950564e-05	7.81211851e-05	0	100	0	0	0	3
120	173	0	1.67416389	0.000743252509	0.000745406182	0.000709359833	0.000787933443	5.09205838e-05	7.81211851e-05	0	100	0	0	0	3
121	174	0	1.68811526	0.000757487636	0.000745723528	0.000709359833	0.000787933443	4.35424172e-05	7.81211851e-05	0	100	0	0	0	3
122	176	0	1.70206662	0.000738723897	0.000746152599	0.000709359833	0.000787933443	3.70515604e-05	7.81211851e-05	0	100	0	0	0	3
123	177	0	1.71601799	0.000756603926	0.000746714356	0.000709359833	0.000787933443	3.01847775e-05	7.81211851e-05	0	100	0	0	0	3
124	178	0	1.72996935	0.00073670663	0.000746899059	0.000709359833	0.000787933443	2.43202177e-05	7.81211851e-05	0	100	0	0	0	3
125	180	0	1.74392072	0.000748009399	0.000746873599	0.000709359833	0.000787933443	2.43202177e-05	7.81211851e-05	0	100	0	0	0	3
126	181	0	1.75787208	0.000727298199	0.000746532521	0.000709359833	0.000787933443	2.43202177e-05	7.81211851e-05	0	100	0	0	0	3
127	183	0	1.77182345	0.000743234008	0.000746332718	0.000709359833	0.000787933443	2.43202177e-05	7.81211851e-05	0	100	0	0	0	3
128	184	0	1.78577482	0.000717758079	0.000745839546	0.000709359833	0.000787933443	2.43202177e-05	7.81211851e-05	0	100	0	0	0	3
129	185	0	1.79972618	0.000735811659	0.000745279658	0.000709359833	0.000787933443	2.44467413e-05	7.81211851e-05	0	100	0	0	0	3
130	187	0	1.81367755	0.000714595469	0.000744718994	0.000709359833	0.000787933443	2.50074056e-05	7.81211851e-05	0	100	0	0	0	3
131	188	0	1.82762891	0.000739651914	0.000744469898	0.000709359833	0.000787933443	2.52565014e-05	7.81211851e-05	0	100	0	0	0	3
132	189	0	1.84158028	0.000731609721	0.000744860535	0.000709359833	0.000787933443	2.52565014e-05	7.81211851e-05	0	100	0	0	0	3
133	191	0	1.85553164	0.000761567605	0.000745501698	0.000709359833	0.000787933443	2.52565014e-05	7.81211851e-05	0	100	0	0	0	3
134	192	0	1.86948301	0.000748006881	0.000746575227	0.000714595469	0.000787933443	2.52565014e-05	7.81211851e-05	0	100	0	0	0	3
135	193	0	1.88343438	0.000777432819	0.000747563654	0.000714595469	0.000787933443	2.52565014e-05	7.81211851e-05	0	100	0	0	0	3
136	195	0	1.89738574	0.00074656858	0.000748230179	0.000714595469	0.000787933443	2.52565014e-05	7.81211851e-05	0	100	0	0	0	3
137	196	0	1.91133711	0.000773971227	0.000748784773	0.000714595469	0.000787933443	2.52565014e-05	7.81211851e-05	0	100	0	0	0	3
138	197	0	1.92528847	0.000759599281	0.000749196881	0.000714595469	0.000787933443	2.52565014e-05	7.81211851e-05	0	100	0	0	0	3
139	199	0	1.93923984	0.000785264889	0.000749272444	0.000714595469	0.000787933443	2.52565014e-05	7.81211851e-05	0	100	0	0	0	3
140	200	0	1.95319121	0.000759489605	0.000749200722	0.000714595469	0.000787933443	2.52565014e-05	7.81211851e-05	0	100	0	0	0	3
141	201	0	1.96714257	0.000772680488	0.000748777028	0.000714595469	0.000785264889	2.52565014e-05	7.81211851e-05	0	100	0	0	0	3
142	203	0	1.98109394	0.000753556945	0.000748411505	0.000714595469	0.000785264889	2.52565014e-05	7.81211851e-05	0	100	0	0	0	3
143	204	0	1.9950453	0.000747350249	0.000747369971	0.000714595469	0.000785264889	2.42595778e-05	7.81211851e-05	0	100	0	0	0	3
144	206	0	2.00899667	0.000750765149	0.000747200327	0.000714595469	0.000785264889	2.29136361e-05	7.81211851e-05	0	100	0	0	0	3
145	207	0	2.02294803	0.000759184951	0.000746986619	0.000714595469	0.000785264889	2.09588759e-05	7.81211851e-05	0	100	0	0	0	3
146	208	0	2.0368994	0.0007602855	0.000747468859	0.000714595469	0.000785264889	1.89058462e-05	7.81211851e-05	0	100	0	0	0	3
147	210	0	2.05085077	0.000768959064	0.000747891	0.000714595469	0.000785264889	1.63817797e-05	7.81211851e-05	0	100	0	0	0	3
148	211	0	2.06480213	0.000771007158	0.000749134455	0.000714595469	0.000785264889	1.37738285e-05	7.81211851e-05	0	100	0	0	0	3
149	212	0	2.0787535	0.000791324372	0.000750590808	0.000714595469	0.000791324372	1.04154561e-05	7.81211851e-05	0	100	0	0	0	3
150	214	0	2.09270486	0.000791360408	0.000752682049	0.000714595469	0.000791360408	8.21215101e-06	7.81211851e-05	0	100	0	0	0	3
151	215	0	2.10665623	0.000811137376	0.000754555859	0.000714595469	0.000811137376	1.00859612e-05	7.81211851e-05	0	100	0	0	0	3
152	216	0	2.12060759	0.000793327155	0.000756355754	0.000714595469	0.000811137376	1.18858557e-05	7.81211851e-05	0	100	0	0	0	3
153	218	0	2.13455896	0.000800339506	0.000757608652	0.000714595469	0.000811137376	1.3138754e-05	7.81211851e-05	0	100	0	0	0	3
154	219	0	2.14851033	0.000774528254	0.000758563196	0.000714595469	0.000811137376	1.40932981e-05	7.81211851e-05	0	100	0	0	0	3
155	220	0	2.16246169	0.000772911734	0.000758926729	0.000714595469	0.000811137376	1.44568307e-05	7.81211851e-05	0	100	0	0	0	3
156	222	0	2.17641306	0.000747109997	0.000759033881	0.000714595469	0.000811137376	1.45639831e-05	7.81211851e-05	0	100	0	0	0	3
157	223	0	2.19036442	0.000750322723	0.000758834856	0.000714595469	0.000811137376	1.45639831e-05	7.81211851e-05	0	100	0	0	0	3
158	224	0	2.20431579	0.00072086321	0.000758338726	0.000714595469	0.000811137376	1.45639831e-05	7.81211851e-05	0	100	0	0	0	3
159	226	0	2.21826715	0.000740498	0.000757891339	0.000714595469	0.000811137376	1.45639831e-05	7.81211851e-05	0	100	0	0	0	3
160	227	0	2.23221852	0.000715852886	0.000757312068	0.000714595469	0.000811137376	1.45639831e-05	7.81211851e-05	0	100	0	0	0	3
161	229	0	2.24616989	0.000732243452	0.000756874125	0.000714595469	0.000811137376	1.45639831e-05	7.81211851e-05	0	100	0	0	0	3
162	230	0	2.26012125	0.000714495576	0.000756518497	0.000714495576	0.000811137376	1.45639831e-05	7.81211851e-05	0	100	0	0	0	3
163	231	0	2.27407262	0.000739923057	0.000756426526	0.000714495576	0.000811137376	1.45639831e-05	7.81211851e-05	0	100	0	0	0	3
164	233	0	2.28802398	0.000717931562	0.000756431345	0.000714495576	0.000811137376	1.45639831e-05	7.81211851e-05	0	100	0	0	0	3
165	234	0	2.30197535	0.000753715775	0.000756928682	0.000714495576	0.000811137376	1.45639831e-05	7.81211851e-05	0	100	0	0	0	3
166	235	0	2.31592671	0.000736676369	0.00075754204	0.000714495576	0.000811137376	1.45639831e-05	7.81211851e-05	0	100	0	0	0	3
167	237	0	2.32987808	0.000754101158	0.000757943408	0.000714495576	0.000811137376	1.41733463e-05	7.81211851e-05	0	100	0	0	0	3
168	238	0	2.34382945	0.000741017448	0.000758204734	0.000714495576	0.000811137376	1.35321834e-05	7.81211851e-05	0	100	0	0	0	3
169	239	0	2.35778081	0.000746264196	0.000757779639	0.000714495576	0.000811137376	1.24586543e-05	7.81211851e-05	0	100	0	0	0	3
170	241	0	2.37173218	0.000730117264	0.000757282705	0.000714495576	0.000811137376	1.2047262e-05	7.81211851e-05	0	100	0	0	0	3
171	242	0	2.38568354	0.000733342157	0.000756057965	0.000714495576	0.000811137376	1.2047262e-05	7.81211851e-05	0	100	0	0	0	3
172	243	0	2.39963491	0.000723736876	0.000755423751	0.000714495576	0.000811137376	1.2047262e-05	7.81211851e-05	0	100	0	0	0	3
173	245	0	2.41358627	0.000714128929	0.000753761464	0.000714128929	0.000811137376	1.2047262e-05	7.81211851e-05	0	100	0	0	0	3
174	246	0	2.42753764	0.000720506997	0.000752675568	0.000714128929	0.000811137376	1.2047262e-05	7.81211851e-05	0	100	0	0	0	3
175	248	0	2.44148901	0.000706679331	0.000750492635	0.000706679331	0.000811137376	1.2047262e-05	7.81211851e-05	0	100	0	0	0	3
176	249	0	2.45544037	0.000717780502	0.000749334049	0.000706679331	0.000811137376	1.2047262e-05	7.81211851e-05	0	100	0	0	0	3
177	250	0	2.46939174	0.000707597281	0.000747526182	0.000706679331	0.000811137376	1.2047262e-05	7.81211851e-05	0	100	0	0	0	3
178	252	0	2.4833431	0.000725197219	0.000746738412	0.000706679331	0.000811137376	1.22954691e-05	7.81211851e-05	0	100	0	0	0	3
179	253	0	2.49729447	0.000718318152	0.000745931965	0.000706679331	0.000811137376	1.31019163e-05	7.81211851e-05	0	100	0	0	0	3
180	254	0	2.51124584	0.000743618741	0.000745733454	0.000706679331	0.000811137376	1.33004276e-05	7.81211851e-05	0	100	0	0	0	3
181	256	0	2.5251972	0.000734453357	0.000745046465	0.000706679331	0.000811137376	1.39874163e-05	7.81211851e-05	0	100	0	0	0	3
182	257	0	2.53914857	0.000750853695	0.00074478447	0.000706679331	0.000811137376	1.42494109e-05	7.81211851e-05	0	100	0	0	0	3
183	258	0	2.55309993	0.000744374126	0.000744101556	0.000706679331	0.000811137376	1.49323258e-05	7.81211851e-05	0	100	0	0	0	3
184	260	0	2.5670513	0.000760662845	0.000743814214	0.000706679331	0.000811137376	1.52196679e-05	7.81211851e-05	0	100	0	0	0	3
185	261	0	2.58100266	0.000754986319	0.000742804823	0.000706679331	0.000811137376	1.62290582e-05	7.81211851e-05	0	100	0	0	0	3
186	263	0	2.59495403	0.000764222231	0.000742050985	0.000706679331	0.000811137376	1.69828964e-05	7.81211851e-05	0	100	0	0	0	3
187	264	0	2.6089054	0.000742944168	0.000740156729	0.000706679331	0.000800339506	1.88771522e-05	7.81211851e-05	0	100	0	0	0	3
188	265	0	2.62285676	0.000751579848	0.000738997082	0.000706679331	0.000800339506	2.00367996e-05	7.81211851e-05	0	100	0	0	0	3
189	267	0	2.63680813	0.000734326821	0.000737163396	0.000706679331	0.000774528254	2.18704853e-05	7.81211851e-05	0	100	0	0	0	3
190	268	0	2.65075949	0.000735800495	0.000736087625	0.000706679331	0.000772911734	2.29462564e-05	7.81211851e-05	0	100	0	0	0	3
191	269	0	2.66471086	0.00072859784	0.000734856683	0.000706679331	0.000764222231	2.41771979e-05	7.81211851e-05	0	100	0	0	0	3
192	271	0	2.67866222	0.000742156406	0.000734719084	0.000706679331	0.000764222231	2.41157723e-05	7.81211851e-05	0	100	0	0	0	3
193	272	0	2.69261359	0.000729126003	0.000734130286	0.000706679331	0.000764222231	2.42084399e-05	7.81211851e-05	0	100	0	0	0	3
194	274	0	2.70656496	0.000731438794	0.000734424052	0.000706679331	0.000764222231	2.40744476e-05	7.81211851e-05	0	100	0	0	0	3
195	275	0	2.72051632	0.000721812914	0.000733905022	0.000706679331	0.000764222231	2.42997116e-05	7.81211851e-05	0	100	0	0	0	3
196	276	0	2.73446769	0.000733060488	0.000734383011	0.000706679331	0.000764222231	2.42997116e-05	7.81211851e-05	0	100	0	0	0	3
197	278	0	2.74841905	0.000721337945	0.00073408008	0.000706679331	0.000764222231	2.42997116e-05	7.81211851e-05	0	100	0	0	0	3
198	279	0	2.76237042	0.000730911666	0.000734536083	0.000706679331	0.000764222231	2.42997116e-05	7.81211851e-05	0	100	0	0	0	3
199	280	0	2.77632178	0.000710517478	0.000733719261	0.000706679331	0.000764222231	2.44854725e-05	7.81211851e-05	0	100	0	0	0	3
200	282	0	2.79027315	0.000727403094	0.000733982359	0.000706679331	0.000764222231	2.44854725e-05	7.81211851e-05	0	100	0	0	0	3
201	283	0	2.80422452	0.000711399454	0.000732806906	0.000706679331	0.000764222231	2.53978278e-05	7.81211851e-05	0	100	0	0	0	3
202	285	0	2.81817588	0.000732552581	0.000732692356	0.000706679331	0.000764222231	2.55123775e-05	7.81211851e-05	0	100	0	0	0	3
203	286	0	2.83212725	0.000718701824	0.000731709041	0.000706679331	0.000764222231	2.64956923e-05	7.81211851e-05	0	100	0	0	0	3
204	288	0	2.84607861	0.000751570456	0.00073200218	0.000706679331	0.000764222231	2.60705976e-05	7.81211851e-05	0	100	0	0	0	3
205	289	0	2.86002998	0.000727168175	0.000731471735	0.000706679331	0.000764222231	2.58109697e-05	7.81211851e-05	0	100	0	0	0	3
206	290	0	2.87398134	0.000757160033	0.000732222923	0.000706679331	0.000764222231	2.45862291e-05	7.81211851e-05	0	100	0	0	0	3
207	292	0	2.88793271	0.000735571733	0.000732284856	0.000706679331	0.000764222231	2.39520151e-05	7.81211851e-05	0	100	0	0	0	3
208	293	0	2.90188408	0.000758720752	0.00073325663	0.000706679331	0.000764222231	2.22897291e-05	7.81211851e-05	0	100	0	0	0	3
209	294	0	2.91583544	0.000735702088	0.000733855885	0.000706679331	0.000764222231	2.12038323e-05	7.81211851e-05	0	100	0	0	0	3
210	296	0	2.92978681	0.000756130474	0.000734845426	0.000706679331	0.000764222231	1.90209001e-05	7.81211851e-05	0	100	0	0	0	3
211	297	0	2.94373817	0.000721824796	0.000735266133	0.000707597281	0.000764222231	1.78623139e-05	7.81211851e-05	0	100	0	0	0	3
212	299	0	2.95768954	0.000739550702	0.000735870861	0.000707597281	0.000764222231	1.6054447e-05	7.81211851e-05	0	100	0	0	0	3
213	300	0	2.9716409	0.000710235146	0.000735944135	0.000710235146	0.000764222231	1.52666769e-05	7.81211851e-05	0	100	0	0	0	3
214	301	0	2.98559227	0.00073282404	0.000736155991	0.000710235146	0.000764222231	1.44602297e-05	7.81211851e-05	0	100	0	0	0	3
215	303	0	2.99954364	0.000707259343	0.000735848802	0.000707259343	0.000764222231	1.42617184e-05	7.81211851e-05	0	100	0	0	0	3
216	304	0	3.013495	0.000737113251	0.000735668094	0.000707259343	0.000764222231	1.35747297e-05	7.81211851e-05	0	100	0	0	0	3
217	305	0	3.02744637	0.000709954904	0.000734987581	0.000707259343	0.000764222231	1.33127351e-05	7.81211851e-05	0	100	0	0	0	3
218	307	0	3.04139773	0.000744740291	0.000734817765	0.000707259343	0.000764222231	1.26298202e-05	7.81211851e-05	0	100	0	0	0	3
219	308	0	3.0553491	0.000725787337	0.000734301465	0.000707259343	0.000764222231	1.23424781e-05	7.81211851e-05	0	100	0	0	0	3
220	310	0	3.06930047	0.000753949308	0.000734114978	0.000707259343	0.000764222231	1.13330878e-05	7.81211851e-05	0	100	0	0	0	3
221	311	0	3.08325183	0.000728829248	0.000733388392	0.000707259343	0.000764222231	1.05792495e-05	7.81211851e-05	0	100	0	0	0	3
222	312	0	3.0972032	0.000750127218	0.000732996864	0.000707259343	0.000758720752	8.68499375e-06	7.81211851e-05	0	100	0	0	0	3
223	314	0	3.11115456	0.000713616952	0.000732182219	0.000707259343	0.000758720752	7.52534636e-06	7.81211851e-05	0	100	0	0	0	3
224	315	0	3.12510593	0.000728561571	0.000731542823	0.000707259343	0.000758720752	5.69166069e-06	7.81211851e-05	0	100	0	0	0	3
225	316	0	3.13905729	0.00070377998	0.000730694299	0.00070377998	0.000758720752	5.46169169e-06	7.81211851e-05	0	100	0	0	0	3
226	318	0	3.15300866	0.000737114301	0.000730730794	0.00070377998	0.000758720752	5.46169169e-06	7.81211851e-05	0	100	0	0	0	3
227	319	0	3.16696003	0.000732024538	0.00073082598	0.00070377998	0.000758720752	5.46169169e-06	7.81211851e-05	0	100	0	0	0	3
228	320	0	3.18091139	0.000772935505	0.000731680955	0.00070377998	0.000772935505	5.46169169e-06	7.81211851e-05	0	100	0	0	0	3
229	322	0	3.19486276	0.00076044054	0.000732550803	0.00070377998	0.000772935505	5.46169169e-06	7.81211851e-05	0	100	0	0	0	3
230	323	0	3.20881412	0.000792306295	0.000734241567	0.00070377998	0.000792306295	5.46169169e-06	7.81211851e-05	0	100	0	0	0	3
231	325	0	3.22276549	0.000767495139	0.000735510518	0.00070377998	0.000792306295	5.46169169e-06	7.81211851e-05	0	100	0	0	0	3
232	326	0	3.23671685	0.000785107247	0.000736956261	0.00070377998	0.000792306295	6.26196178e-06	7.81211851e-05	0	100	0	0	0	3
233	327	0	3.25066822	0.000763706494	0.000738133165	0.00070377998	0.000792306295	7.43886591e-06	7.81211851e-05	0	100	0	0	0	3
234	329	0	3.26461959	0.00077777002	0.000739434786	0.00070377998	0.000792306295	8.74048687e-06	7.81211851e-05	0	100	0	0	0	3
235	330	0	3.27857095	0.000745954404	0.000740419145	0.00070377998	0.000792306295	9.72484592e-06	7.81211851e-05	0	100	0	0	0	3
236	331	0	3.29252232	0.000757689161	0.000741260425	0.00070377998	0.000792306295	1.05661256e-05	7.81211851e-05	0	100	0	0	0	3
237	333	0	3.30647368	0.00072804587	0.000741722826	0.00070377998	0.000792306295	1.1028526e-05	7.81211851e-05	0	100	0	0	0	3
238	334	0	3.32042505	0.000747454765	0.000742136775	0.00070377998	0.000792306295	1.14424756e-05	7.81211851e-05	0	100	0	0	0	3
239	335	0	3.33437641	0.000738309558	0.000742681434	0.00070377998	0.000792306295	1.19871348e-05	7.81211851e-05	0	100	0	0	0	3
240	337	0	3.34832778	0.000766909801	0.000743107527	0.00070377998	0.000792306295	1.24132278e-05	7.81211851e-05	0	100	0	0	0	3
241	338	0	3.36227915	0.000752732734	0.000743817654	0.00070377998	0.000792306295	1.31233544e-05	7.81211851e-05	0	100	0	0	0	3
242	339	0	3.37623051	0.000774077832	0.000744287593	0.00070377998	0.000792306295	1.35932933e-05	7.81211851e-05	0	100	0	0	0	3
243	341	0	3.39018188	0.000747940371	0.000744631166	0.00070377998	0.000792306295	1.39368665e-05	7.81211851e-05	0	100	0	0	0	3
244	342	0	3.40413324	0.000761946571	0.000744720772	0.00070377998	0.000792306295	1.40264726e-05	7.81211851e-05	0	100	0	0	0	3
245	344	0	3.41808461	0.000735933528	0.000744727201	0.00070377998	0.000792306295	1.40329015e-05	7.81211851e-05	0	100	0	0	0	3
246	345	0	3.43203597	0.000750366101	0.00074456708	0.00070377998	0.000792306295	1.40329015e-05	7.81211851e-05	0	100	0	0	0	3
247	346	0	3.44598734	0.000722379552	0.000744582489	0.00070377998	0.000792306295	1.40329015e-05	7.81211851e-05	0	100	0	0	0	3
248	348	0	3.45993871	0.000748149862	0.000744821355	0.00070377998	0.000792306295	1.41270555e-05	7.81211851e-05	0	100	0	0	0	3
249	349	0	3.47389007	0.00071939153	0.000745075699	0.00070377998	0.000792306295	1.43813995e-05	7.81211851e-05	0	100	0	0	0	3
250	350	0	3.48784144	0.000737341489	0.000745201184	0.00070377998	0.000792306295	1.45068842e-05	7.81211851e-05	0	100	0	0	0	3
251	352	0	3.5017928	0.000711384231	0.000745315764	0.00070377998	0.000792306295	1.46214644e-05	7.81211851e-05	0	100	0	0	0	3
252	353	0	3.51574417	0.000739986768	0.000745395584	0.00070377998	0.000792306295	1.47012843e-05	7.81211851e-05	0	100	0	0	0	3
253	354	0	3.52969553	0.000721621748	0.000745719663	0.00070377998	0.000792306295	1.50253633e-05	7.81211851e-05	0	100	0	0	0	3
254	356	0	3.5436469	0.000749038773	0.000745839065	0.00070377998	0.000792306295	1.51447656e-05	7.81211851e-05	0	100	0	0	0	3
255	357	0	3.55759827	0.000719208624	0.000745656323	0.00070377998	0.000792306295	1.51447656e-05	7.81211851e-05	0	100	0	0	0	3
256	358	0	3.57154963	0.00072790915	0.000744932985	0.00070377998	0.000792306295	1.51447656e-05	7.81211851e-05	0	100	0	0	0	3
257	360	0	3.585501	0.000691575924	0.000743898171	0.000691575924	0.000792306295	1.51447656e-05	7.81211851e-05	0	100	0	0	0	3
258	361	0	3.59945236	0.000713695923	0.00074288619	0.000691575924	0.000792306295	1.51447656e-05	7.81211851e-05	0	100	0	0	0	3
259	362	0	3.61340373	0.000687629853	0.000742164326	0.000687629853	0.000792306295	1.51447656e-05	7.81211851e-05	0	100	0	0	0	3
260	364	0	3.6273551	0.000713746581	0.000741752799	0.000687629853	0.000792306295	1.51447656e-05	7.81211851e-05	0	100	0	0	0	3
261	365	0	3.64130646	0.000685864423	0.000741255145	0.000685864423	0.000792306295	1.5108271e-05	7.81211851e-05	0	100	0	0	0	3
262	367	0	3.65525783	0.000708259188	0.000740453614	0.000685864423	0.000792306295	1.50130849e-05	7.81211851e-05	0	100	0	0	0	3
263	368	0	3.66920919	0.00068201507	0.000739064462	0.00068201507	0.000792306295	1.41581099e-05	7.81211851e-05	0	100	0	0	0	3
264	369	0	3.68316056	0.000710638079	0.000737333978	0.00068201507	0.000792306295	1.32882617e-05	7.81211851e-05	0	100	0	0	0	3
265	371	0	3.69711192	0.000691584427	0.000735421308	0.00068201507	0.000792306295	1.15974978e-05	7.81211851e-05	0	100	0	0	0	3
266	372	0	3.71106329	0.000717417519	0.000733341064	0.00068201507	0.000785107247	1.24980008e-05	7.81211851e-05	0	100	0	0	0	3
267	373	0	3.72501466	0.000695570134	0.000731343147	0.00068201507	0.000785107247	1.44959177e-05	7.81211851e-05	0	100	0	0	0	3
268	375	0	3.73896602	0.000716819587	0.000729446268	0.00068201507	0.00077777002	1.63927971e-05	7.81211851e-05	0	100	0	0	0	3
269	376	0	3.75291739	0.00069445198	0.000727522531	0.00068201507	0.00077777002	1.83165336e-05	7.81211851e-05	0	100	0	0	0	3
270	378	0	3.76686875	0.000719450896	0.000725902556	0.00068201507	0.000774077832	1.99365093e-05	7.81211851e-05	0	100	0	0	0	3
271	379	0	3.78082012	0.000697359137	0.000724552687	0.00068201507	0.000774077832	2.12863778e-05	7.81211851e-05	0	100	0	0	0	3
272	380	0	3.79477148	0.000720085041	0.000723508128	0.00068201507	0.000774077832	2.23309367e-05	7.81211851e-05	0	100	0	0	0	3
273	382	0	3.80872285	0.00070661643	0.000722912866	0.00068201507	0.000774077832	2.29261989e-05	7.81211851e-05	0	100	0	0	0	3
274	383	0	3.82267422	0.000735842114	0.000722590292	0.00068201507	0.000774077832	2.32487725e-05	7.81211851e-05	0	100	0	0	0	3
275	384	0	3.83662558	0.000719641953	0.000722071748	0.00068201507	0.000774077832	2.37673171e-05	7.81211851e-05	0	100	0	0	0	3
276	386	0	3.85057695	0.000752494017	0.000721671309	0.00068201507	0.000774077832	2.41677556e-05	7.81211851e-05	0	100	0	0	0	3
277	387	0	3.86452831	0.000725333807	0.000720910228	0.00068201507	0.000774077832	2.49288369e-05	7.81211851e-05	0	100	0	0	0	3
278	388	0	3.87847968	0.000747822785	0.000720180921	0.00068201507	0.000761946571	2.56581437e-05	7.81211851e-05	0	100	0	0	0	3
279	390	0	3.89243104	0.000735252656	0.000719828485	0.00068201507	0.000761946571	2.60105802e-05	7.81211851e-05	0	100	0	0	0	3
280	391	0	3.90638241	0.000765102769	0.000719916157	0.00068201507	0.000765102769	2.60105802e-05	7.81211851e-05	0	100	0	0	0	3
281	392	0	3.92033378	0.000748122514	0.00072025474	0.00068201507	0.000765102769	2.60105802e-05	7.81211851e-05	0	100	0	0	0	3
282	394	0	3.93428514	0.000776795365	0.000720988886	0.00068201507	0.000776795365	2.60105802e-05	7.81211851e-05	0	100	0	0	0	3
283	395	0	3.94823651	0.000748963411	0.000721727327	0.00068201507	0.000776795365	2.60105802e-05	7.81211851e-05	0	100	0	0	0	3
284	397	0	3.96218787	0.000767372112	0.000722261278	0.00068201507	0.000776795365	2.60105802e-05	7.81211851e-05	0	100	0	0	0	3
285	398	0	3.97613924	0.000735361299	0.000722704883	0.00068201507	0.000776795365	2.60105802e-05	7.81211851e-05	0	100	0	0	0	3
286	399	0	3.9900906	0.000747228433	0.00072297952	0.00068201507	0.000776795365	2.60105802e-05	7.81211851e-05	0	100	0	0	0	3
287	401	0	4.00404197	0.00070847375	0.000722898673	0.00068201507	0.000776795365	2.60105802e-05	7.81211851e-05	0	100	0	0	0	3
