Iteration	CPUTime	PhysTime	Travels	Value	AvValue	MinValue	MaxValue	Delta	Criteria	Progress	dGMaxMin	CriteriaType	CriteriaVarType	CriteriaPercentage
1	8	0	0.0139513658	9.98421549	9.98421549	9.98421549	9.98421549	0	0	0	0	0	0	0	3
2	10	0	0.0279027315	9.98377766	9.98399657	9.98377766	9.98421549	0.000218915038	0	0	0	0	0	0	3
3	11	0	0.0418540973	9.98308816	9.98369377	9.98308816	9.98421549	0.000521718617	0	0	0	0	0	0	3
4	13	0	0.055805463	9.98304335	9.98353116	9.98304335	9.98421549	0.000684322472	0	0	0	0	0	0	3
5	14	0	0.0697568288	9.98274422	9.98337377	9.98274422	9.98421549	0.000841711717	0	0	0	0	0	0	3
6	16	0	0.0837081945	9.98241074	9.98321327	9.98241074	9.98421549	0.00100221793	0	0	0	0	0	0	3
7	17	0	0.0976595603	9.98184005	9.98301709	9.98184005	9.98421549	0.00119839244	0	0	0	0	0	0	3
8	18	0	0.111610926	9.98123778	9.98279468	9.98123778	9.98421549	0.00142080655	0	0	0	0	0	0	3
9	20	0	0.125562292	9.98062811	9.98255395	9.98062811	9.98421549	0.00166153594	0	0	0	0	0	0	3
10	21	0	0.139513658	9.98003064	9.98230162	9.98003064	9.98421549	0.00191386672	0	0	0	0	0	0	3
11	22	0	0.153465023	9.97911934	9.98201232	9.97911934	9.98421549	0.00220316457	0	0	0	0	0	0	3
12	23	0	0.167416389	9.97820478	9.98169503	9.97820478	9.98421549	0.00252045925	0	0	0	0	0	0	3
13	25	0	0.181367755	9.97731344	9.98135798	9.97731344	9.98421549	0.00285750396	0	0	0	0	0	0	3
14	26	0	0.195319121	9.97641168	9.98100467	9.97641168	9.98421549	0.0032108115	0	0	0	0	0	0	3
15	27	0	0.209270486	9.97552595	9.98063943	9.97552595	9.98421549	0.00357605961	0	0	0	0	0	0	3
16	29	0	0.223221852	9.97422914	9.98023878	9.97422914	9.98421549	0.00397670274	0	0	0	0	0	0	3
17	30	0	0.237173218	9.97298739	9.97981223	9.97298739	9.98421549	0.00440325553	0	0	0	0	0	0	3
18	32	0	0.251124584	9.97177306	9.97936561	9.97177306	9.98421549	0.00484987596	0	0	0	0	0	0	3
19	33	0	0.265075949	9.97062623	9.97890564	9.97062623	9.98421549	0.00530984351	0	0	0	0	0	0	3
20	34	0	0.279027315	9.96953163	9.97843694	9.96953163	9.98421549	0.00577854394	0	0	0	0	0	0	3
21	36	0	0.292978681	9.96805852	9.97794273	9.96805852	9.98421549	0.00627275447	0	0	0	0	0	0	3
22	37	0	0.306930047	9.9667296	9.97743304	9.9667296	9.98421549	0.00678244244	0	0	0	0	0	0	3
23	38	0	0.320881412	9.96551297	9.97691478	9.96551297	9.98421549	0.00730070645	0	0	0	0	0	0	3
24	40	0	0.334832778	9.96441582	9.97639399	9.96441582	9.98421549	0.00782149652	0	0	0	0	0	0	3
25	41	0	0.348784144	9.96340556	9.97587445	9.96340556	9.98421549	0.00834103369	0	0	0	0	0	0	3
26	43	0	0.36273551	9.96211766	9.97534534	9.96211766	9.98421549	0.0088701411	0	0	0	0	0	0	3
27	44	0	0.376686875	9.96091553	9.97481091	9.96091553	9.98421549	0.00940457869	0	0	0	0	0	0	3
28	45	0	0.390638241	9.95969	9.97427087	9.95969	9.98421549	0.0099446112	0	0	0	0	0	0	3
29	47	0	0.404589607	9.95839891	9.97372356	9.95839891	9.98421549	0.0104919203	0	0	0	0	0	0	3
30	48	0	0.418540973	9.95702925	9.97316709	9.95702925	9.98421549	0.0110483976	0	0	0	0	0	0	3
31	50	0	0.432492338	9.95498402	9.97258054	9.95498402	9.98421549	0.0116349482	0	0	0	0	0	0	3
32	51	0	0.446443704	9.95297062	9.97196773	9.95297062	9.98421549	0.0122477581	0	0	0	0	0	0	3
33	52	0	0.46039507	9.95088678	9.97132891	9.95088678	9.98421549	0.0128865747	0	0	0	0	0	0	3
34	54	0	0.474346436	9.94882544	9.97066704	9.94882544	9.98421549	0.0135484414	0	0	0	0	0	0	3
35	55	0	0.488297801	9.94696163	9.96998975	9.94696163	9.98421549	0.0142257389	0	0	0	0	0	0	3
36	57	0	0.502249167	9.9447521	9.9692887	9.9447521	9.98421549	0.0149267848	0	0	0	0	0	0	3
37	58	0	0.516200533	9.94310522	9.96814675	9.94310522	9.98377766	0.0158498214	0	0	0	0	0	0	3
38	60	0	0.530151899	9.94199343	9.96698608	9.94199343	9.98308816	0.0167076909	0	0	0	0	0	0	3
39	61	0	0.544103264	9.94136451	9.96582709	9.94136451	9.98304335	0.0177040774	0	0	0	0	0	0	3
40	63	0	0.55805463	9.9407499	9.96465227	9.9407499	9.98274422	0.0187215063	0	0	0	0	0	0	3
41	64	0	0.572005996	9.94007599	9.96346704	9.94007599	9.98241074	0.0197462285	0	0	0	0	0	0	3
42	65	0	0.585957362	9.93935236	9.96227097	9.93935236	9.98184005	0.0207461199	0	0	0	0	0	0	3
43	67	0	0.599908727	9.93865829	9.96107148	9.93865829	9.98123778	0.0217231989	0	0	0	0	0	0	3
44	68	0	0.613860093	9.93820784	9.9598762	9.93820784	9.98062811	0.0226777455	0	0	0	0	0	0	3
45	70	0	0.627811459	9.938011	9.95869239	9.938011	9.98003064	0.0236092236	0	0	0	0	0	0	3
46	71	0	0.641762825	9.93757797	9.95751315	9.93757797	9.97911934	0.0244991666	0	0	0	0	0	0	3
47	72	0	0.65571419	9.93719635	9.95634863	9.93719635	9.97820478	0.0253463996	0	0	0	0	0	0	3
48	74	0	0.669665556	9.93675182	9.95519716	9.93675182	9.97731344	0.026160826	0	0	0	0	0	0	3
49	75	0	0.683616922	9.93632875	9.95405869	9.93632875	9.97641168	0.0269459823	0	0	0	0	0	0	3
50	77	0	0.697568288	9.93600613	9.95293632	9.93600613	9.97552595	0.0277031105	0	0	0	0	0	0	3
51	78	0	0.711519653	9.93585098	9.95183423	9.93585098	9.97422914	0.0284045498	0	0	0	0	0	0	3
52	79	0	0.725471019	9.93573716	9.95076501	9.93573716	9.97298739	0.0290472185	0	0	0	0	0	0	3
53	81	0	0.739422385	9.93574688	9.94973055	9.93573716	9.97177306	0.0296350564	0	0	0	0	0	0	3
54	82	0	0.753373751	9.93568447	9.94872809	9.93568447	9.97062623	0.0301775497	0	0	0	0	0	0	3
55	83	0	0.767325116	9.93569742	9.94775785	9.93568447	9.96953163	0.0306790939	0	0	0	0	0	0	3
56	85	0	0.781276482	9.93560922	9.94681556	9.93560922	9.96805852	0.0311271727	0	0	0	0	0	0	3
57	86	0	0.795227848	9.93567103	9.94591591	9.93560922	9.9667296	0.0311203797	0	0	0	0	0	0	3
58	88	0	0.809179214	9.93571453	9.94505438	9.93560922	9.96551297	0.0299037546	0	0	0	0	0	0	3
59	89	0	0.823130579	9.93590564	9.94423195	9.93560922	9.96441582	0.0288066014	0	0	0	0	0	0	3
60	90	0	0.837081945	9.93605954	9.94344428	9.93560922	9.96340556	0.0277963435	0	0	0	0	0	0	3
61	92	0	0.851033311	9.93636946	9.94269327	9.93560922	9.96211766	0.026508443	0	0	0	0	0	0	3
62	93	0	0.864984677	9.936549	9.94198303	9.93560922	9.96091553	0.0253063133	0	0	0	0	0	0	3
63	95	0	0.878936042	9.93679208	9.94131294	9.93560922	9.95969	0.0240807804	0	0	0	0	0	0	3
64	96	0	0.892887408	9.937011	9.94068296	9.93560922	9.95839891	0.022789694	0	0	0	0	0	0	3
65	97	0	0.906838774	9.93734606	9.94009816	9.93560922	9.95702925	0.0214200314	0	0	0	0	0	0	3
66	99	0	0.92079014	9.93769357	9.93956106	9.93560922	9.95498402	0.0193748016	0	0	0	0	0	0	3
67	100	0	0.934741505	9.93804833	9.93909063	9.93560922	9.95297062	0.0173614034	0	0	0	0	0	0	3
68	101	0	0.948692871	9.93832751	9.93868387	9.93560922	9.95088678	0.0152775658	0	0	0	0	0	0	3
69	103	0	0.962644237	9.93861297	9.93834293	9.93560922	9.94882544	0.0132162253	0	0	0	0	0	0	3
70	104	0	0.976595603	9.93887183	9.93806644	9.93560922	9.94696163	0.0113524151	0	0	0	0	0	0	3
71	106	0	0.990546968	9.93913712	9.9378491	9.93560922	9.9447521	0.00914287912	0	0	0	0	0	0	3
72	107	0	1.00449833	9.93939354	9.93770025	9.93560922	9.94310522	0.00749600884	0.00142436831	0	19	0	0	0	3
73	108	0	1.0184497	9.93963508	9.93760385	9.93560922	9.94199343	0.00638420937	0.00142436831	0	22.3	0	0	0	3
74	110	0	1.03240107	9.93990141	9.93754574	9.93560922	9.94136451	0.00575529025	0.00142436831	0	24.7	0	0	0	3
75	111	0	1.04635243	9.94012734	9.93751138	9.93560922	9.9407499	0.00514068307	0.00142436831	0	27.7	0	0	0	3
76	112	0	1.0603038	9.94037572	9.93750098	9.93560922	9.94037572	0.00476649955	0.00142436831	0	29.8	0	0	0	3
77	114	0	1.07425516	9.94059835	9.93751549	9.93560922	9.94059835	0.00498913793	0.00142436831	0	28.5	0	0	0	3
78	115	0	1.08820653	9.94077626	9.93755505	9.93560922	9.94077626	0.00516704517	0.00142436831	0	27.5	0	0	0	3
79	117	0	1.10215789	9.94094483	9.93761856	9.93560922	9.94094483	0.00533561729	0.00142436831	0	26.6	0	0	0	3
80	118	0	1.11610926	9.94105253	9.93769758	9.93560922	9.94105253	0.00544331626	0.00142436831	0	26.1	0	0	0	3
81	119	0	1.13006063	9.94115943	9.93778504	9.93560922	9.94115943	0.00555021747	0.00142436831	0	25.6	0	0	0	3
82	121	0	1.14401199	9.94128721	9.93788807	9.93560922	9.94128721	0.00567799234	0.00142436831	0	25	0	0	0	3
83	122	0	1.15796336	9.94136865	9.93800397	9.93560922	9.94136865	0.00575943062	0.00142436831	0	24.7	0	0	0	3
84	123	0	1.17191472	9.94151758	9.93813635	9.93560922	9.94151758	0.00590836273	0.00142436831	0	24.1	0	0	0	3
85	125	0	1.18586609	9.94164265	9.93828396	9.93560922	9.94164265	0.00603343574	0.00142436831	0	23.6	0	0	0	3
86	126	0	1.19981745	9.94179768	9.93844484	9.93560922	9.94179768	0.00618846339	0.00142436831	0	23	0	0	0	3
87	128	0	1.21376882	9.9418684	9.93861199	9.93560922	9.9418684	0.00625918841	0.00142436831	0	22.7	0	0	0	3
88	129	0	1.22772019	9.94198695	9.93878559	9.93560922	9.94198695	0.00637773625	0.00142436831	0	22.3	0	0	0	3
89	130	0	1.24167155	9.942076	9.9389614	9.93560922	9.942076	0.00646677941	0.00142436831	0	22	0	0	0	3
90	132	0	1.25562292	9.9422109	9.93914269	9.93560922	9.9422109	0.00660168673	0.00142436831	0	21.5	0	0	0	3
91	133	0	1.26957428	9.94226866	9.93932522	9.93560922	9.94226866	0.00665944593	0.00142436831	0	21.3	0	0	0	3
92	134	0	1.28352565	9.94232252	9.93951171	9.93567103	9.94232252	0.0066514946	0.00142436831	0	21.4	0	0	0	3
93	136	0	1.29747701	9.94236015	9.93969751	9.93571453	9.94236015	0.00664561883	0.00142436831	0	21.4	0	0	0	3
94	137	0	1.31142838	9.94242734	9.93988398	9.93590564	9.94242734	0.00652170166	0.00142436831	0	21.8	0	0	0	3
95	138	0	1.32537975	9.94248058	9.94006662	9.93605954	9.94248058	0.00594329217	0.00142436831	0	23.9	0	0	0	3
96	140	0	1.33933111	9.94255858	9.94024715	9.93636946	9.94255858	0.00519228953	0.00142436831	0	27.4	0	0	0	3
97	141	0	1.35328248	9.94261362	9.9404206	9.936549	9.94261362	0.00448204914	0.00142436831	0	31.7	0	0	0	3
98	143	0	1.36723384	9.94270399	9.94059157	9.93679208	9.94270399	0.00381195339	0.00142436831	0	37.3	0	0	0	3
99	144	0	1.38118521	9.94275093	9.94075709	9.937011	9.94275093	0.0032561076	0.00142436831	0	43.7	0	0	0	3
100	145	0	1.39513658	9.94282436	9.94091857	9.93734606	9.94282436	0.00341758995	0.00142436831	0	41.6	0	0	0	3
101	147	0	1.40908794	9.9428768	9.94107221	9.93769357	9.9428768	0.00357122169	0.00142436831	0	39.8	0	0	0	3
102	148	0	1.42303931	9.9429512	9.94121825	9.93804833	9.9429512	0.00371726702	0.00142436831	0	38.3	0	0	0	3
103	150	0	1.43699067	9.9429969	9.94135571	9.93832751	9.9429969	0.0038547273	0.00142436831	0	36.9	0	0	0	3
104	151	0	1.45094204	9.94305882	9.94148714	9.93861297	9.94305882	0.00398615267	0.00142436831	0	35.7	0	0	0	3
105	153	0	1.4648934	9.94307734	9.94161115	9.93887183	9.94307734	0.00411016292	0.00142436831	0	34.6	0	0	0	3
106	154	0	1.47884477	9.94312474	9.94172928	9.93913712	9.94312474	0.00398762649	0.00142436831	0	35.7	0	0	0	3
107	155	0	1.49279614	9.94314722	9.94184067	9.93939354	9.94314722	0.00375367231	0.00142436831	0	37.9	0	0	0	3
108	157	0	1.5067475	9.94316498	9.94194544	9.93963508	9.94316498	0.00352990629	0.00142436831	0	40.3	0	0	0	3
109	158	0	1.52069887	9.94318243	9.94204397	9.93990141	9.94318243	0.00328101541	0.00142436831	0	43.4	0	0	0	3
110	160	0	1.53465023	9.9432408	9.94213674	9.94012734	9.9432408	0.00311345248	0.00142436831	0	45.7	0	0	0	3
111	161	0	1.5486016	9.94323241	9.94222299	9.94037572	9.9432408	0.00286508161	0.00142436831	0	49.7	0	0	0	3
112	162	0	1.56255296	9.94326297	9.94230319	9.94059835	9.94326297	0.00266461907	0.00142436831	0	53.4	0	0	0	3
113	164	0	1.57650433	9.94328095	9.94237771	9.94077626	9.94328095	0.00250468854	0.00142436831	0	56.8	0	0	0	3
114	165	0	1.5904557	9.94332525	9.94244851	9.94094483	9.94332525	0.00238041573	0.00142436831	0	59.8	0	0	0	3
115	166	0	1.60440706	9.94334419	9.94251516	9.94105253	9.94334419	0.00229165824	0.00142436831	0	62.1	0	0	0	3
116	168	0	1.61835843	9.94338602	9.94257998	9.94115943	9.94338602	0.00222658942	0.00142436831	0	63.9	0	0	0	3
117	169	0	1.63230979	9.94336779	9.94264132	9.94128721	9.94338602	0.00209881455	0.00142436831	0	67.8	0	0	0	3
118	170	0	1.64626116	9.94339576	9.94269989	9.94136865	9.94339576	0.00202711758	0.00142436831	0	70.2	0	0	0	3
119	172	0	1.66021252	9.94340565	9.94275648	9.94151758	9.94340565	0.00188806787	0.00142436831	0	75.4	0	0	0	3
120	173	0	1.67416389	9.94344803	9.9428101	9.94164265	9.94344803	0.00180537914	0.00142436831	0	78.8	0	0	0	3
121	174	0	1.68811526	9.94347186	9.94286091	9.94179768	9.94347186	0.00167417782	0.00142436831	0	85	0	0	0	3
122	176	0	1.70206662	9.94349721	9.94290812	9.9418684	9.94349721	0.00162880114	0.00142436831	0	87.4	0	0	0	3
123	177	0	1.71601799	9.94346986	9.9429526	9.94198695	9.94349721	0.0015102533	0.00142436831	0	94.3	0	0	0	3
124	178	0	1.72996935	9.94348021	9.94299408	9.942076	9.94349721	0.00142121014	0.00142436831	0	100	0	0	0	3
125	180	0	1.74392072	9.94347295	9.94303289	9.9422109	9.94349721	0.00128630282	0.00142436831	0	100	0	0	0	3
126	181	0	1.75787208	9.94347143	9.9430679	9.94226866	9.94349721	0.00122854362	0.00142436831	0	100	0	0	0	3
127	183	0	1.77182345	9.94344918	9.9431007	9.94232252	9.94349721	0.00117468085	0.00142436831	0	100	0	0	0	3
128	184	0	1.78577482	9.94346516	9.94313244	9.94236015	9.94349721	0.00113705689	0.00142436831	0	100	0	0	0	3
129	185	0	1.79972618	9.94348516	9.94316369	9.94242734	9.94349721	0.00106986079	0.00142436831	0	100	0	0	0	3
130	187	0	1.81367755	9.94353973	9.94319458	9.94248058	9.94353973	0.00105914436	0.00142436831	0	100	0	0	0	3
131	188	0	1.82762891	9.94355821	9.94322452	9.94255858	9.94355821	0.000999634259	0.00142436831	0	100	0	0	0	3
132	189	0	1.84158028	9.94358082	9.94325291	9.94261362	9.94358082	0.000967197651	0.00142436831	0	100	0	0	0	3
133	191	0	1.85553164	9.94359325	9.94328013	9.94270399	9.94359325	0.000889260046	0.00142436831	0	100	0	0	0	3
134	192	0	1.86948301	9.94364974	9.9433064	9.94275093	9.94364974	0.000898803228	0.00142436831	0	100	0	0	0	3
135	193	0	1.88343438	9.94367352	9.94333202	9.94282436	9.94367352	0.00084915914	0.00142436831	0	100	0	0	0	3
136	195	0	1.89738574	9.94373289	9.94335726	9.9428768	9.94373289	0.000856089779	0.00142436831	0	100	0	0	0	3
137	196	0	1.91133711	9.94374132	9.94338128	9.9429512	9.94374132	0.000790121619	0.00142436831	0	100	0	0	0	3
138	197	0	1.92528847	9.94376898	9.94340399	9.9429969	9.94376898	0.000772083106	0.00142436831	0	100	0	0	0	3
139	199	0	1.93923984	9.94375528	9.94342506	9.94305882	9.94376898	0.000710165915	0.00142436831	0	100	0	0	0	3
140	200	0	1.95319121	9.94378053	9.94344511	9.94307734	9.94378053	0.000703193547	0.00142436831	0	100	0	0	0	3
141	201	0	1.96714257	9.94375039	9.9434638	9.94312474	9.94378053	0.00065578491	0.00142436831	0	100	0	0	0	3
142	203	0	1.98109394	9.94374684	9.94348108	9.94314722	9.94378053	0.000633313197	0.00142436831	0	100	0	0	0	3
143	204	0	1.9950453	9.94372311	9.94349708	9.94316498	9.94378053	0.000615545661	0.00142436831	0	100	0	0	0	3
144	206	0	2.00899667	9.94373317	9.94351286	9.94318243	9.94378053	0.000598099453	0.00142436831	0	100	0	0	0	3
145	207	0	2.02294803	9.94370407	9.94352735	9.94323241	9.94378053	0.00054811608	0.00142436831	0	100	0	0	0	3
146	208	0	2.0368994	9.94371267	9.94354046	9.94323241	9.94378053	0.00054811608	0.00142436831	0	100	0	0	0	3
147	210	0	2.05085077	9.94368853	9.94355313	9.94326297	9.94378053	0.000517556114	0.00142436831	0	100	0	0	0	3
148	211	0	2.06480213	9.94369099	9.94356502	9.94328095	9.94378053	0.000499579401	0.00142436831	0	100	0	0	0	3
149	212	0	2.0787535	9.94367184	9.94357588	9.94332525	9.94378053	0.000455280096	0.00142436831	0	100	0	0	0	3
150	214	0	2.09270486	9.94371495	9.9435867	9.94334419	9.94378053	0.000436338616	0.00142436831	0	100	0	0	0	3
151	215	0	2.10665623	9.94373552	9.94359757	9.94336779	9.94378053	0.000412742658	0.00142436831	0	100	0	0	0	3
152	216	0	2.12060759	9.94376182	9.94360801	9.94336779	9.94378053	0.000412742658	0.00142436831	0	100	0	0	0	3
153	218	0	2.13455896	9.94375242	9.9436187	9.94339576	9.94378053	0.000384764918	0.00142436831	0	100	0	0	0	3
154	219	0	2.14851033	9.94378403	9.94362948	9.94340565	9.94378403	0.000378387887	0.00142436831	0	100	0	0	0	3
155	220	0	2.16246169	9.94377632	9.94363978	9.94344803	9.94378403	0.000336003612	0.00142436831	0	100	0	0	0	3
156	222	0	2.17641306	9.94378455	9.94364912	9.94344918	9.94378455	0.000335366902	0.00142436831	0	100	0	0	0	3
157	223	0	2.19036442	9.94375222	9.94365691	9.94344918	9.94378455	0.000335366902	0.00142436831	0	100	0	0	0	3
158	224	0	2.20431579	9.94375148	9.94366398	9.94344918	9.94378455	0.000335366902	0.00142436831	0	100	0	0	0	3
159	226	0	2.21826715	9.9437288	9.94367117	9.94344918	9.94378455	0.000335366902	0.00142436831	0	100	0	0	0	3
160	227	0	2.23221852	9.94372603	9.943678	9.94344918	9.94378455	0.000335366902	0.00142436831	0	100	0	0	0	3
161	229	0	2.24616989	9.94370565	9.94368446	9.94344918	9.94378455	0.000335366902	0.00142436831	0	100	0	0	0	3
162	230	0	2.26012125	9.94373174	9.94369169	9.94344918	9.94378455	0.000335366902	0.00142436831	0	100	0	0	0	3
163	231	0	2.27407262	9.94371046	9.94369895	9.94346516	9.94378455	0.00031938808	0.00142436831	0	100	0	0	0	3
164	233	0	2.28802398	9.94373427	9.94370642	9.94348516	9.94378455	0.000299389789	0.00142436831	0	100	0	0	0	3
165	234	0	2.30197535	9.94371936	9.94371293	9.94353973	9.94378455	0.000244820486	0.00142436831	0	100	0	0	0	3
166	235	0	2.31592671	9.94373381	9.94371832	9.94355821	9.94378455	0.000226337075	0.00142436831	0	100	0	0	0	3
167	237	0	2.32987808	9.94371964	9.94372281	9.94358082	9.94378455	0.000203730928	0.00142436831	0	100	0	0	0	3
168	238	0	2.34382945	9.94374486	9.94372736	9.94359325	9.94378455	0.000191293179	0.00142436831	0	100	0	0	0	3
169	239	0	2.35778081	9.94372781	9.9437311	9.94364974	9.94378455	0.000134811243	0.00142436831	0	100	0	0	0	3
170	241	0	2.37173218	9.94373053	9.94373334	9.94367184	9.94378455	0.000112703198	0.00142436831	0	100	0	0	0	3
171	242	0	2.38568354	9.94374002	9.94373519	9.94367184	9.94378455	0.000112703198	0.00142436831	0	100	0	0	0	3
172	243	0	2.39963491	9.94376234	9.94373601	9.94367184	9.94378455	0.000112703198	0.00142436831	0	100	0	0	0	3
173	245	0	2.41358627	9.94375844	9.94373649	9.94367184	9.94378455	0.000112703198	0.00142436831	0	100	0	0	0	3
174	246	0	2.42753764	9.94378278	9.94373687	9.94367184	9.94378455	0.000112703198	0.00142436831	0	100	0	0	0	3
175	248	0	2.44148901	9.94378397	9.94373767	9.94367184	9.94378455	0.000112703198	0.00142436831	0	100	0	0	0	3
176	249	0	2.45544037	9.94380209	9.94373826	9.94367184	9.94380209	0.000130248965	0.00142436831	0	100	0	0	0	3
177	250	0	2.46939174	9.94380585	9.94373981	9.94367184	9.94380585	0.00013400386	0.00142436831	0	100	0	0	0	3
178	252	0	2.4833431	9.9438298	9.94374211	9.94367184	9.9438298	0.000157955766	0.00142436831	0	100	0	0	0	3
179	253	0	2.49729447	9.94382108	9.94374483	9.94367184	9.9438298	0.000157955766	0.00142436831	0	100	0	0	0	3
180	254	0	2.51124584	9.94383593	9.94374769	9.94367184	9.94383593	0.000164090229	0.00142436831	0	100	0	0	0	3
181	256	0	2.5251972	9.94380677	9.94375054	9.94367184	9.94383593	0.000164090229	0.00142436831	0	100	0	0	0	3
182	257	0	2.53914857	9.9438092	9.94375322	9.94367184	9.94383593	0.000164090229	0.00142436831	0	100	0	0	0	3
183	258	0	2.55309993	9.94377409	9.9437556	9.94367184	9.94383593	0.000164090229	0.00142436831	0	100	0	0	0	3
184	260	0	2.5670513	9.94376083	9.94375754	9.94367184	9.94383593	0.000164090229	0.00142436831	0	100	0	0	0	3
185	261	0	2.58100266	9.94372781	9.94375909	9.94370565	9.94383593	0.000130286604	0.00142436831	0	100	0	0	0	3
186	263	0	2.59495403	9.94373422	9.94375963	9.94370565	9.94383593	0.000130286604	0.00142436831	0	100	0	0	0	3
187	264	0	2.6089054	9.94370375	9.94375874	9.94370375	9.94383593	0.000132178994	0.00142436831	0	100	0	0	0	3
188	265	0	2.62285676	9.94369904	9.943757	9.94369904	9.94383593	0.000136888856	0.00142436831	0	100	0	0	0	3
189	267	0	2.63680813	9.94368306	9.94375507	9.94368306	9.94383593	0.000130145953	0.00142436831	0	100	0	0	0	3
190	268	0	2.65075949	9.94372601	9.94375346	9.94368306	9.94383593	0.000119849583	0.00142436831	0	100	0	0	0	3
191	269	0	2.66471086	9.94375924	9.94375299	9.94368306	9.94383593	0.00011050192	0.00142436831	0	100	0	0	0	3
192	271	0	2.67866222	9.94382331	9.94375406	9.94368306	9.94383593	0.000102714139	0.00142436831	0	100	0	0	0	3
193	272	0	2.69261359	9.94383362	9.94375633	9.94368306	9.94383593	9.5650826e-05	0.00142436831	0	100	0	0	0	3
194	274	0	2.70656496	9.94385419	9.94375918	9.94368306	9.94385419	8.84579841e-05	0.00142436831	0	100	0	0	0	3
195	275	0	2.72051632	9.94382221	9.94376177	9.94368306	9.94385419	8.37764522e-05	0.00142436831	0	100	0	0	0	3
196	276	0	2.73446769	9.94382789	9.9437646	9.94368306	9.94385419	8.01421156e-05	0.00142436831	0	100	0	0	0	3
197	278	0	2.74841905	9.94381168	9.94376755	9.94368306	9.94385419	7.58566213e-05	0.00142436831	0	100	0	0	0	3
198	279	0	2.76237042	9.94380479	9.94376958	9.94368306	9.94385419	7.06278665e-05	0.00142436831	0	100	0	0	0	3
199	280	0	2.77632178	9.94375948	9.94377094	9.94368306	9.94385419	6.4514075e-05	0.00142436831	0	100	0	0	0	3
200	282	0	2.79027315	9.94376722	9.94377185	9.94368306	9.94385419	5.89236395e-05	0.00142436831	0	100	0	0	0	3
201	283	0	2.80422452	9.94378775	9.94377375	9.94368306	9.94385419	5.54321646e-05	0.00142436831	0	100	0	0	0	3
202	285	0	2.81817588	9.9438255	9.9437763	9.94368306	9.94385419	5.34949394e-05	0.00142436831	0	100	0	0	0	3
203	286	0	2.83212725	9.94383735	9.94377957	9.94368306	9.94385419	5.22080257e-05	0.00142436831	0	100	0	0	0	3
204	288	0	2.84607861	9.9438576	9.9437827	9.94368306	9.9438576	5.16018671e-05	0.00142436831	0	100	0	0	0	3
205	289	0	2.86002998	9.94386268	9.94378645	9.94368306	9.94386268	5.31039945e-05	0.00142436831	0	100	0	0	0	3
206	290	0	2.87398134	9.94386796	9.94379027	9.94368306	9.94386796	5.50742344e-05	0.00142436831	0	100	0	0	0	3
207	292	0	2.88793271	9.9438385	9.943793	9.94368306	9.94386796	5.69920051e-05	0.00142436831	0	100	0	0	0	3
208	293	0	2.90188408	9.94384045	9.94379517	9.94368306	9.94386796	5.86862413e-05	0.00142436831	0	100	0	0	0	3
209	294	0	2.91583544	9.94379617	9.94379622	9.94368306	9.94386796	5.93508441e-05	0.00142436831	0	100	0	0	0	3
210	296	0	2.92978681	9.94375762	9.94379552	9.94368306	9.94386796	5.85536996e-05	0.00142436831	0	100	0	0	0	3
211	297	0	2.94373817	9.94369537	9.94379306	9.94368306	9.94386796	5.79547166e-05	0.00142436831	0	100	0	0	0	3
212	299	0	2.95768954	9.9436867	9.94378985	9.94368306	9.94386796	5.64141446e-05	0.00142436831	0	100	0	0	0	3
213	300	0	2.9716409	9.94368057	9.94378637	9.94368057	9.94386796	5.41096799e-05	0.00142436831	0	100	0	0	0	3
214	301	0	2.98559227	9.94371811	9.94378327	9.94368057	9.94386796	5.13881533e-05	0.00142436831	0	100	0	0	0	3
215	303	0	2.99954364	9.94373247	9.94378081	9.94368057	9.94386796	4.85335924e-05	0.00142436831	0	100	0	0	0	3
216	304	0	3.013495	9.94375971	9.94377869	9.94368057	9.94386796	4.56808163e-05	0.00142436831	0	100	0	0	0	3
217	305	0	3.02744637	9.9437539	9.94377722	9.94368057	9.94386796	4.32317004e-05	0.00142436831	0	100	0	0	0	3
218	307	0	3.04139773	9.94379563	9.94377685	9.94368057	9.94386796	4.32317004e-05	0.00142436831	0	100	0	0	0	3
219	308	0	3.0553491	9.94380574	9.94377773	9.94368057	9.94386796	4.32317004e-05	0.00142436831	0	100	0	0	0	3
220	310	0	3.06930047	9.94384374	9.94378003	9.94368057	9.94386796	4.32317004e-05	0.00142436831	0	100	0	0	0	3
221	311	0	3.08325183	9.94382663	9.94378277	9.94368057	9.94386796	4.32317004e-05	0.00142436831	0	100	0	0	0	3
222	312	0	3.0972032	9.94379521	9.94378447	9.94368057	9.94386796	4.32317004e-05	0.00142436831	0	100	0	0	0	3
223	314	0	3.11115456	9.94375513	9.9437859	9.94368057	9.94386796	4.32317004e-05	0.00142436831	0	100	0	0	0	3
224	315	0	3.12510593	9.94376174	9.94378764	9.94368057	9.94386796	4.32317004e-05	0.00142436831	0	100	0	0	0	3
225	316	0	3.13905729	9.94373003	9.94378894	9.94368057	9.94386796	4.32317004e-05	0.00142436831	0	100	0	0	0	3
226	318	0	3.15300866	9.94374512	9.94378947	9.94368057	9.94386796	4.32317004e-05	0.00142436831	0	100	0	0	0	3
227	319	0	3.16696003	9.94373296	9.94378874	9.94368057	9.94386796	4.21548616e-05	0.00142436831	0	100	0	0	0	3
228	320	0	3.18091139	9.94377388	9.94378737	9.94368057	9.94386796	3.98937392e-05	0.00142436831	0	100	0	0	0	3
229	322	0	3.19486276	9.94376231	9.94378539	9.94368057	9.94386796	3.70407079e-05	0.00142436831	0	100	0	0	0	3
230	323	0	3.20881412	9.94378429	9.94378345	9.94368057	9.94386796	3.44460993e-05	0.00142436831	0	100	0	0	0	3
231	325	0	3.22276549	9.94375421	9.94378156	9.94368057	9.94386796	3.1616637e-05	0.00142436831	0	100	0	0	0	3
232	326	0	3.23671685	9.94377225	9.94378001	9.94368057	9.94386796	2.86711892e-05	0.00142436831	0	100	0	0	0	3
233	327	0	3.25066822	9.94376016	9.94377858	9.94368057	9.94386796	2.66421348e-05	0.00142436831	0	100	0	0	0	3
234	329	0	3.26461959	9.94378938	9.94377815	9.94368057	9.94386796	2.52805602e-05	0.00142436831	0	100	0	0	0	3
235	330	0	3.27857095	9.94375539	9.94377804	9.94368057	9.94386796	2.43653227e-05	0.00142436831	0	100	0	0	0	3
236	331	0	3.29252232	9.94375929	9.94377782	9.94368057	9.94386796	2.24655155e-05	0.00142436831	0	100	0	0	0	3
237	333	0	3.30647368	9.94373908	9.94377647	9.94368057	9.94386796	1.9918621e-05	0.00142436831	0	100	0	0	0	3
238	334	0	3.32042505	9.94376251	9.94377472	9.94368057	9.94386796	2.15012283e-05	0.00142436831	0	100	0	0	0	3
239	335	0	3.33437641	9.94375527	9.94377244	9.94368057	9.94386796	2.37812096e-05	0.00142436831	0	100	0	0	0	3
240	337	0	3.34832778	9.94377057	9.94377002	9.94368057	9.94386796	2.61985144e-05	0.00142436831	0	100	0	0	0	3
241	338	0	3.36227915	9.9437353	9.94376648	9.94368057	9.94386796	2.97368423e-05	0.00142436831	0	100	0	0	0	3
242	339	0	3.37623051	9.94375535	9.94376335	9.94368057	9.94384374	3.28649598e-05	0.00142436831	0	100	0	0	0	3
243	341	0	3.39018188	9.94372607	9.94376023	9.94368057	9.94384374	3.59880386e-05	0.00142436831	0	100	0	0	0	3
244	342	0	3.40413324	9.94374544	9.94375759	9.94368057	9.94384374	3.86270233e-05	0.00142436831	0	100	0	0	0	3
245	344	0	3.41808461	9.94371811	9.94375542	9.94368057	9.94384374	4.00964247e-05	0.00142436831	0	100	0	0	0	3
246	345	0	3.43203597	9.94373014	9.94375466	9.94368057	9.94384374	3.8398649e-05	0.00142436831	0	100	0	0	0	3
247	346	0	3.44598734	9.94369092	9.94375454	9.94368057	9.94384374	3.53168089e-05	0.00142436831	0	100	0	0	0	3
248	348	0	3.45993871	9.94371214	9.94375524	9.94368057	9.94384374	3.49357874e-05	0.00142436831	0	100	0	0	0	3
249	349	0	3.47389007	9.9437053	9.94375593	9.94369092	9.94384374	3.49357874e-05	0.00142436831	0	100	0	0	0	3
250	350	0	3.48784144	9.94374127	9.94375657	9.94369092	9.94384374	3.49357874e-05	0.00142436831	0	100	0	0	0	3
251	352	0	3.5017928	9.943732	9.94375656	9.94369092	9.94384374	3.49357874e-05	0.00142436831	0	100	0	0	0	3
252	353	0	3.51574417	9.94377267	9.94375692	9.94369092	9.94384374	3.49357874e-05	0.00142436831	0	100	0	0	0	3
253	354	0	3.52969553	9.94376581	9.94375725	9.94369092	9.94384374	3.49357874e-05	0.00142436831	0	100	0	0	0	3
254	356	0	3.5436469	9.94379991	9.94375737	9.94369092	9.94384374	3.49357874e-05	0.00142436831	0	100	0	0	0	3
255	357	0	3.55759827	9.94379422	9.94375705	9.94369092	9.94384374	3.49357874e-05	0.00142436831	0	100	0	0	0	3
256	358	0	3.57154963	9.9438207	9.94375641	9.94369092	9.94382663	3.49357874e-05	0.00142436831	0	100	0	0	0	3
257	360	0	3.585501	9.94380339	9.94375576	9.94369092	9.9438207	3.49357874e-05	0.00142436831	0	100	0	0	0	3
258	361	0	3.59945236	9.94378607	9.94375551	9.94369092	9.9438207	3.49357874e-05	0.00142436831	0	100	0	0	0	3
259	362	0	3.61340373	9.94372904	9.94375479	9.94369092	9.9438207	3.49357874e-05	0.00142436831	0	100	0	0	0	3
260	364	0	3.6273551	9.94372102	9.94375365	9.94369092	9.9438207	3.5817956e-05	0.00142436831	0	100	0	0	0	3
261	365	0	3.64130646	9.94369655	9.94375272	9.94369092	9.9438207	3.67480266e-05	0.00142436831	0	100	0	0	0	3
262	367	0	3.65525783	9.94371317	9.94375184	9.94369092	9.9438207	3.69055636e-05	0.00142436831	0	100	0	0	0	3
263	368	0	3.66920919	9.94371391	9.94375131	9.94369092	9.9438207	3.60615876e-05	0.00142436831	0	100	0	0	0	3
264	369	0	3.68316056	9.94375873	9.94375089	9.94369092	9.9438207	3.45016538e-05	0.00142436831	0	100	0	0	0	3
265	371	0	3.69711192	9.943769	9.94375107	9.94369092	9.9438207	3.25599181e-05	0.00142436831	0	100	0	0	0	3
266	372	0	3.71106329	9.94380407	9.94375162	9.94369092	9.9438207	3.06710303e-05	0.00142436831	0	100	0	0	0	3
267	373	0	3.72501466	9.94379908	9.94375287	9.94369092	9.9438207	2.91255437e-05	0.00142436831	0	100	0	0	0	3
268	375	0	3.73896602	9.94381477	9.94375405	9.94369092	9.9438207	2.76942334e-05	0.00142436831	0	100	0	0	0	3
269	376	0	3.75291739	9.94376238	9.94375411	9.94369092	9.9438207	2.72661599e-05	0.00142436831	0	100	0	0	0	3
270	378	0	3.76686875	9.94376947	9.94375356	9.94369092	9.9438207	2.71526938e-05	0.00142436831	0	100	0	0	0	3
271	379	0	3.78082012	9.9437358	9.94375301	9.94369092	9.9438207	2.69325334e-05	0.00142436831	0	100	0	0	0	3
272	380	0	3.79477148	9.94371846	9.94375188	9.94369092	9.9438207	2.55806006e-05	0.00142436831	0	100	0	0	0	3
273	382	0	3.80872285	9.94367706	9.94375016	9.94367706	9.9438207	2.45605196e-05	0.00142436831	0	100	0	0	0	3
274	383	0	3.82267422	9.94368366	9.94374797	9.94367706	9.9438207	2.44707513e-05	0.00142436831	0	100	0	0	0	3
275	384	0	3.83662558	9.94365883	9.94374529	9.94365883	9.9438207	2.47324459e-05	0.00142436831	0	100	0	0	0	3
276	386	0	3.85057695	9.94368858	9.94374301	9.94365883	9.9438207	2.34716735e-05	0.00142436831	0	100	0	0	0	3
277	387	0	3.86452831	9.94367956	9.94374146	9.94365883	9.9438207	2.18918905e-05	0.00142436831	0	100	0	0	0	3
278	388	0	3.87847968	9.94373952	9.94374102	9.94365883	9.9438207	1.92084639e-05	0.00142436831	0	100	0	0	0	3
279	390	0	3.89243104	9.9437496	9.94374168	9.94365883	9.9438207	1.65694792e-05	0.00142436831	0	100	0	0	0	3
280	391	0	3.90638241	9.94378612	9.94374281	9.94365883	9.9438207	1.63476448e-05	0.00142436831	0	100	0	0	0	3
281	392	0	3.92033378	9.94375531	9.94374384	9.94365883	9.9438207	1.63476448e-05	0.00142436831	0	100	0	0	0	3
282	394	0	3.93428514	9.94377134	9.94374498	9.94365883	9.9438207	1.63476448e-05	0.00142436831	0	100	0	0	0	3
283	395	0	3.94823651	9.94376449	9.94374703	9.94365883	9.9438207	1.63476448e-05	0.00142436831	0	100	0	0	0	3
284	397	0	3.96218787	9.94379642	9.94374937	9.94365883	9.9438207	1.63476448e-05	0.00142436831	0	100	0	0	0	3
285	398	0	3.97613924	9.94380763	9.94375221	9.94365883	9.9438207	1.63476448e-05	0.00142436831	0	100	0	0	0	3
286	399	0	3.9900906	9.94384525	9.9437551	9.94365883	9.94384525	1.63476448e-05	0.00142436831	0	100	0	0	0	3
287	401	0	4.00404197	9.9438378	9.94375804	9.94365883	9.94384525	1.70159889e-05	0.00142436831	0	100	0	0	0	3
