Iteration	CPUTime	PhysTime	Travels	Value	AvValue	MinValue	MaxValue	Delta	Criteria	Progress	dGMaxMin	CriteriaType	CriteriaVarType	CriteriaPercentage
1	8	0	0.0139513658	101244.892	101244.892	101244.892	101244.892	0	0	0	0	7912.82	0	0	3
2	10	0	0.0279027315	101243.87	101244.381	101243.87	101244.892	0.510664373	0	0	0	1901.4	0	0	3
3	11	0	0.0418540973	101243.866	101244.209	101243.866	101244.892	0.682364294	0	0	0	1048.3	0	0	3
4	13	0	0.055805463	101243.854	101244.12	101243.854	101244.892	0.77126687	0	0	0	975.984	0	0	3
5	14	0	0.0697568288	101243.834	101244.063	101243.834	101244.892	0.828604883	0	0	0	846.185	0	0	3
6	16	0	0.0837081945	101243.825	101244.023	101243.825	101244.892	0.868296665	0	0	0	741.972	0	0	3
7	17	0	0.0976595603	101243.798	101243.991	101243.798	101244.892	0.900455874	0	0	0	645.245	0	0	3
8	18	0	0.111610926	101243.779	101243.965	101243.779	101244.892	0.926986486	0	0	0	583.486	0	0	3
9	20	0	0.125562292	101243.75	101243.941	101243.75	101244.892	0.950844441	0	0	0	550.346	0	0	3
10	21	0	0.139513658	101243.724	101243.919	101243.724	101244.892	0.972496368	0	0	0	568.714	0	0	3
11	22	0	0.153465023	101243.7	101243.899	101243.7	101244.892	0.992463223	0	0	0	583.901	0	0	3
12	23	0	0.167416389	101243.674	101243.881	101243.674	101244.892	1.01124816	0	0	0	600.535	0	0	3
13	25	0	0.181367755	101243.648	101243.863	101243.648	101244.892	1.02911131	0	0	0	616.795	0	0	3
14	26	0	0.195319121	101243.625	101243.846	101243.625	101244.892	1.04612086	0	0	0	632.58	0	0	3
15	27	0	0.209270486	101243.602	101243.829	101243.602	101244.892	1.06237979	0	0	0	648.179	0	0	3
16	29	0	0.223221852	101243.58	101243.814	101243.58	101244.892	1.07796419	0	0	0	659.511	0	0	3
17	30	0	0.237173218	101243.561	101243.799	101243.561	101244.892	1.09285552	0	0	0	670.105	0	0	3
18	32	0	0.251124584	101243.54	101243.785	101243.54	101244.892	1.10721285	0	0	0	680.537	0	0	3
19	33	0	0.265075949	101243.522	101243.771	101243.522	101244.892	1.12101903	0	0	0	690.868	0	0	3
20	34	0	0.279027315	101243.504	101243.757	101243.504	101244.892	1.13435582	0	0	0	700.996	0	0	3
21	36	0	0.292978681	101243.489	101243.745	101243.489	101244.892	1.14714803	0	0	0	707.747	0	0	3
22	37	0	0.306930047	101243.473	101243.732	101243.473	101244.892	1.15947558	0	0	0	714.352	0	0	3
23	38	0	0.320881412	101243.459	101243.72	101243.459	101244.892	1.17136407	0	0	0	721.169	0	0	3
24	40	0	0.334832778	101243.446	101243.709	101243.446	101244.892	1.18280651	0	0	0	727.975	0	0	3
25	41	0	0.348784144	101243.434	101243.698	101243.434	101244.892	1.19382224	0	0	0	734.703	0	0	3
26	43	0	0.36273551	101243.424	101243.687	101243.424	101244.892	1.20437385	0	0	0	739.68	0	0	3
27	44	0	0.376686875	101243.414	101243.677	101243.414	101244.892	1.21450894	0	0	0	744.605	0	0	3
28	45	0	0.390638241	101243.405	101243.668	101243.405	101244.892	1.22424816	0	0	0	749.575	0	0	3
29	47	0	0.404589607	101243.395	101243.658	101243.395	101244.892	1.23365344	0	0	0	754.575	0	0	3
30	48	0	0.418540973	101243.384	101243.649	101243.384	101244.892	1.24278194	0	0	0	759.656	0	0	3
31	50	0	0.432492338	101243.373	101243.64	101243.373	101244.892	1.25167423	0	0	0	762.879	0	0	3
32	51	0	0.446443704	101243.357	101243.631	101243.357	101244.892	1.26053297	0	0	0	766.08	0	0	3
33	52	0	0.46039507	101243.341	101243.622	101243.341	101244.892	1.26932587	0	0	0	769.206	0	0	3
34	54	0	0.474346436	101243.326	101243.614	101243.326	101244.892	1.27805574	0	0	0	772.522	0	0	3
35	55	0	0.488297801	101243.31	101243.605	101243.31	101244.892	1.28672085	0	0	0	775.828	0	0	3
36	57	0	0.502249167	101243.297	101243.596	101243.297	101244.892	1.29527142	0	0	0	778.07	0	0	3
37	58	0	0.516200533	101243.283	101243.552	101243.283	101243.87	0.587103504	0	0	0	780.257	0	0	3
38	60	0	0.530151899	101243.272	101243.535	101243.272	101243.866	0.593607223	0	0	0	782.389	0	0	3
39	61	0	0.544103264	101243.262	101243.518	101243.262	101243.854	0.591917745	0	0	0	784.506	0	0	3
40	63	0	0.55805463	101243.257	101243.502	101243.257	101243.834	0.561315834	0	0	0	786.539	0	0	3
41	64	0	0.572005996	101243.252	101243.486	101243.252	101243.825	0.537777117	0	0	0	787.897	0	0	3
42	65	0	0.585957362	101243.249	101243.47	101243.249	101243.798	0.521629385	0	0	0	789.22	0	0	3
43	67	0	0.599908727	101243.245	101243.454	101243.245	101243.779	0.510464834	0	0	0	790.481	0	0	3
44	68	0	0.613860093	101243.24	101243.439	101243.24	101243.75	0.501570276	0	0	0	791.695	0	0	3
45	70	0	0.627811459	101243.235	101243.425	101243.235	101243.724	0.489136353	0	0	0	792.878	0	0	3
46	71	0	0.641762825	101243.234	101243.411	101243.234	101243.7	0.465676557	0	0	0	794.103	0	0	3
47	72	0	0.65571419	101243.231	101243.398	101243.231	101243.674	0.443325009	0	0	0	795.322	0	0	3
48	74	0	0.669665556	101243.228	101243.386	101243.228	101243.648	0.420363699	0	0	0	796.5	0	0	3
49	75	0	0.683616922	101243.225	101243.374	101243.225	101243.625	0.399717268	0	0	0	797.623	0	0	3
50	77	0	0.697568288	101243.222	101243.363	101243.222	101243.602	0.38011299	0	0	0	798.769	0	0	3
51	78	0	0.711519653	101243.218	101243.352	101243.218	101243.58	0.361945846	0	0	0	799.934	0	0	3
52	79	0	0.725471019	101243.216	101243.342	101243.216	101243.561	0.344701518	0	0	0	801.119	0	0	3
53	81	0	0.739422385	101243.213	101243.333	101243.213	101243.54	0.327577891	0	0	0	802.283	0	0	3
54	82	0	0.753373751	101243.211	101243.323	101243.211	101243.522	0.310892062	0	0	0	803.488	0	0	3
55	83	0	0.767325116	101243.209	101243.315	101243.209	101243.504	0.295097891	0	0	0	804.689	0	0	3
56	85	0	0.781276482	101243.208	101243.307	101243.208	101243.489	0.280826782	0	0	0	805.9	0	0	3
57	86	0	0.795227848	101243.205	101243.299	101243.205	101243.473	0.267928143	0	0	0	807.059	0	0	3
58	88	0	0.809179214	101243.204	101243.291	101243.204	101243.459	0.254558437	0	0	0	808.291	0	0	3
59	89	0	0.823130579	101243.202	101243.284	101243.202	101243.446	0.243665463	0	0	0	809.515	0	0	3
60	90	0	0.837081945	101243.202	101243.277	101243.202	101243.434	0.231918631	0	0	0	810.684	0	0	3
61	92	0	0.851033311	101243.2	101243.271	101243.2	101243.424	0.223803006	0	0	0	811.864	0	0	3
62	93	0	0.864984677	101243.2	101243.265	101243.2	101243.414	0.214040525	0	0	0	813.045	0	0	3
63	95	0	0.878936042	101243.199	101243.259	101243.199	101243.405	0.206030042	0	0	0	814.231	0	0	3
64	96	0	0.892887408	101243.198	101243.253	101243.198	101243.395	0.196758793	0	0	0	815.417	0	0	3
65	97	0	0.906838774	101243.197	101243.247	101243.197	101243.384	0.187545094	0	0	0	816.592	0	0	3
66	99	0	0.92079014	101243.196	101243.242	101243.196	101243.373	0.17704615	0	0	0	817.795	0	0	3
67	100	0	0.934741505	101243.196	101243.237	101243.196	101243.357	0.160615356	0	0	0	818.981	0	0	3
68	101	0	0.948692871	101243.196	101243.233	101243.196	101243.341	0.145070713	0	0	0	820.196	0	0	3
69	103	0	0.962644237	101243.195	101243.229	101243.195	101243.326	0.130170148	0	0	0	821.452	0	0	3
70	104	0	0.976595603	101243.195	101243.225	101243.195	101243.31	0.115448934	0	0	0	822.659	0	0	3
71	106	0	0.990546968	101243.194	101243.222	101243.194	101243.297	0.103005493	0	0	0	823.85	0	0	3
72	107	0	1.00449833	101243.194	101243.219	101243.194	101243.283	0.0894340084	0.0201630637	0	22.5	825.041	0	0	3
73	108	0	1.0184497	101243.193	101243.216	101243.193	101243.272	0.0789952191	0.0201780733	0	25.5	826.224	0	0	3
74	110	0	1.03240107	101243.193	101243.214	101243.193	101243.262	0.0689069631	0.0201845642	0	29.2	827.409	0	0	3
75	111	0	1.04635243	101243.193	101243.212	101243.193	101243.257	0.0642713838	0.0201630637	0	31.3	828.591	0	0	3
76	112	0	1.0603038	101243.192	101243.211	101243.192	101243.252	0.0600564259	0.0201630637	0	33.5	829.923	0	0	3
77	114	0	1.07425516	101243.191	101243.209	101243.191	101243.249	0.0572206439	0.0201630637	0	35.2	831.198	0	0	3
78	115	0	1.08820653	101243.191	101243.207	101243.191	101243.245	0.0542857488	0.0201630637	0	37.1	832.57	0	0	3
79	117	0	1.10215789	101243.19	101243.206	101243.19	101243.24	0.0503706103	0.0201630637	0	40	833.878	0	0	3
80	118	0	1.11610926	101243.189	101243.204	101243.189	101243.235	0.0459909636	0.0201630637	0	43.8	835.251	0	0	3
81	119	0	1.13006063	101243.188	101243.203	101243.188	101243.234	0.0456444947	0.0201630637	0	44.1	836.569	0	0	3
82	121	0	1.14401199	101243.187	101243.202	101243.187	101243.231	0.043814354	0.0201630637	0	46	837.927	0	0	3
83	122	0	1.15796336	101243.186	101243.2	101243.186	101243.228	0.0423035254	0.0201630637	0	47.6	839.259	0	0	3
84	123	0	1.17191472	101243.184	101243.199	101243.184	101243.225	0.0404053125	0.0201630637	0	49.9	840.611	0	0	3
85	125	0	1.18586609	101243.183	101243.198	101243.183	101243.222	0.0383223825	0.0201630637	0	52.6	841.941	0	0	3
86	126	0	1.19981745	101243.182	101243.197	101243.182	101243.218	0.0361168135	0.0201630637	0	55.8	843.282	0	0	3
87	128	0	1.21376882	101243.181	101243.196	101243.181	101243.216	0.0347951707	0.0201630637	0	57.9	844.593	0	0	3
88	129	0	1.22772019	101243.18	101243.195	101243.18	101243.213	0.0330766025	0.0201630637	0	60.9	845.954	0	0	3
89	130	0	1.24167155	101243.179	101243.194	101243.179	101243.211	0.0325258479	0.0201630637	0	61.9	847.265	0	0	3
90	132	0	1.25562292	101243.177	101243.193	101243.177	101243.209	0.0316293918	0.0201630637	0	63.7	848.659	0	0	3
91	133	0	1.26957428	101243.176	101243.192	101243.176	101243.208	0.0319493749	0.0201630637	0	63.1	850.147	0	0	3
92	134	0	1.28352565	101243.174	101243.191	101243.174	101243.205	0.0311023536	0.0201630637	0	64.8	851.526	0	0	3
93	136	0	1.29747701	101243.173	101243.19	101243.173	101243.204	0.0315750611	0.0201630637	0	63.8	853.008	0	0	3
94	137	0	1.31142838	101243.171	101243.189	101243.171	101243.202	0.0310694956	0.0201630637	0	64.8	854.271	0	0	3
95	138	0	1.32537975	101243.17	101243.188	101243.17	101243.202	0.0320481478	0.0201630637	0	62.9	855.737	0	0	3
96	140	0	1.33933111	101243.168	101243.188	101243.168	101243.2	0.0316594868	0.0201630637	0	63.6	856.993	0	0	3
97	141	0	1.35328248	101243.167	101243.187	101243.167	101243.2	0.0328173402	0.0201630637	0	61.4	858.311	0	0	3
98	143	0	1.36723384	101243.165	101243.186	101243.165	101243.199	0.0333613599	0.0201630637	0	60.4	859.733	0	0	3
99	144	0	1.38118521	101243.164	101243.185	101243.164	101243.198	0.0344589434	0.0201630637	0	58.5	861.385	0	0	3
100	145	0	1.39513658	101243.162	101243.184	101243.162	101243.197	0.0346981354	0.0201630637	0	58.1	862.789	0	0	3
101	147	0	1.40908794	101243.161	101243.183	101243.161	101243.196	0.0356472643	0.0201630637	0	56.5	864.213	0	0	3
102	148	0	1.42303931	101243.159	101243.182	101243.159	101243.196	0.0371737635	0.0201630637	0	54.2	865.6	0	0	3
103	150	0	1.43699067	101243.158	101243.181	101243.158	101243.196	0.0385650409	0.0201630637	0	52.2	867.044	0	0	3
104	151	0	1.45094204	101243.156	101243.18	101243.156	101243.195	0.0391081774	0.0201630637	0	51.5	868.423	0	0	3
105	153	0	1.4648934	101243.155	101243.178	101243.155	101243.195	0.0402036403	0.0201630637	0	50.1	870.019	0	0	3
106	154	0	1.47884477	101243.153	101243.177	101243.153	101243.194	0.0410888091	0.0201630637	0	49	871.596	0	0	3
107	155	0	1.49279614	101243.151	101243.176	101243.151	101243.194	0.0426210814	0.0201630637	0	47.3	873.227	0	0	3
108	157	0	1.5067475	101243.15	101243.175	101243.15	101243.193	0.0417018835	0.0201630637	0	48.3	874.642	0	0	3
109	158	0	1.52069887	101243.148	101243.174	101243.148	101243.193	0.0407590453	0.0201630637	0	49.4	876.209	0	0	3
110	160	0	1.53465023	101243.146	101243.172	101243.146	101243.193	0.0401374705	0.0201630637	0	50.2	877.657	0	0	3
111	161	0	1.5486016	101243.145	101243.171	101243.145	101243.192	0.0396770295	0.0201630637	0	50.8	879.22	0	0	3
112	162	0	1.56255296	101243.143	101243.17	101243.143	101243.191	0.0393577961	0.0201630637	0	51.2	880.674	0	0	3
113	164	0	1.57650433	101243.141	101243.168	101243.141	101243.191	0.0391539577	0.0201630637	0	51.4	882.201	0	0	3
114	165	0	1.5904557	101243.139	101243.167	101243.139	101243.19	0.0390537535	0.0201630637	0	51.6	883.66	0	0	3
115	166	0	1.60440706	101243.138	101243.165	101243.138	101243.189	0.039088314	0.0201630637	0	51.5	885.205	0	0	3
116	168	0	1.61835843	101243.136	101243.164	101243.136	101243.188	0.0392627045	0.0201630637	0	51.3	886.665	0	0	3
117	169	0	1.63230979	101243.134	101243.162	101243.134	101243.187	0.0394487494	0.0201630637	0	51.1	888.187	0	0	3
118	170	0	1.64626116	101243.133	101243.161	101243.133	101243.186	0.0397053234	0.0201630637	0	50.7	889.643	0	0	3
119	172	0	1.66021252	101243.131	101243.159	101243.131	101243.184	0.0400143769	0.0201630637	0	50.3	891.035	0	0	3
120	173	0	1.67416389	101243.129	101243.158	101243.129	101243.183	0.0403939815	0.0201630637	0	49.9	892.62	0	0	3
121	174	0	1.68811526	101243.128	101243.156	101243.128	101243.182	0.0408325896	0.0201630637	0	49.3	893.902	0	0	3
122	176	0	1.70206662	101243.127	101243.155	101243.127	101243.181	0.0413457475	0.0201630637	0	48.7	895.13	0	0	3
123	177	0	1.71601799	101243.125	101243.153	101243.125	101243.18	0.0419002295	0.0201630637	0	48.1	896.408	0	0	3
124	178	0	1.72996935	101243.124	101243.152	101243.124	101243.179	0.04251263	0.0201630637	0	47.4	897.623	0	0	3
125	180	0	1.74392072	101243.122	101243.15	101243.122	101243.177	0.0431474607	0.0201630637	0	46.7	899.041	0	0	3
126	181	0	1.75787208	101243.12	101243.148	101243.12	101243.176	0.0438195778	0.0201630637	0	46	900.279	0	0	3
127	183	0	1.77182345	101243.118	101243.147	101243.118	101243.174	0.044487519	0.0201630637	0	45.3	901.707	0	0	3
128	184	0	1.78577482	101243.117	101243.145	101243.117	101243.173	0.0451752256	0.0201630637	0	44.6	902.944	0	0	3
129	185	0	1.79972618	101243.115	101243.144	101243.115	101243.171	0.0458476514	0.0201630637	0	43.9	904.342	0	0	3
130	187	0	1.81367755	101243.114	101243.142	101243.114	101243.17	0.0465371475	0.0201630637	0	43.3	905.599	0	0	3
131	188	0	1.82762891	101243.112	101243.14	101243.112	101243.168	0.047198482	0.0201630637	0	42.7	907	0	0	3
132	189	0	1.84158028	101243.111	101243.139	101243.111	101243.167	0.0478778874	0.0201630637	0	42.1	908.418	0	0	3
133	191	0	1.85553164	101243.11	101243.137	101243.11	101243.165	0.0485122922	0.0201630637	0	41.5	909.652	0	0	3
134	192	0	1.86948301	101243.108	101243.136	101243.108	101243.164	0.0491298169	0.0201630637	0	41	911.064	0	0	3
135	193	0	1.88343438	101243.107	101243.134	101243.107	101243.162	0.0497057695	0.0201630637	0	40.5	912.333	0	0	3
136	195	0	1.89738574	101243.106	101243.132	101243.106	101243.161	0.0502687753	0.0201630637	0	40.1	913.412	0	0	3
137	196	0	1.91133711	101243.105	101243.131	101243.105	101243.159	0.0507898596	0.0201630637	0	39.6	914.503	0	0	3
138	197	0	1.92528847	101243.104	101243.129	101243.104	101243.158	0.0512693807	0.0201630637	0	39.3	915.58	0	0	3
139	199	0	1.93923984	101243.103	101243.128	101243.103	101243.156	0.0516919885	0.0201630637	0	39	916.684	0	0	3
140	200	0	1.95319121	101243.101	101243.126	101243.101	101243.155	0.0520971824	0.0201630637	0	38.7	917.928	0	0	3
141	201	0	1.96714257	101243.1	101243.125	101243.1	101243.153	0.052468555	0.0201630637	0	38.4	919.289	0	0	3
142	203	0	1.98109394	101243.098	101243.123	101243.098	101243.151	0.0528173117	0.0201630637	0	38.1	920.54	0	0	3
143	204	0	1.9950453	101243.096	101243.122	101243.096	101243.15	0.0531312507	0.0201630637	0	37.9	922.085	0	0	3
144	206	0	2.00899667	101243.094	101243.12	101243.094	101243.148	0.053416691	0.0201630637	0	37.7	923.315	0	0	3
145	207	0	2.02294803	101243.092	101243.119	101243.092	101243.146	0.0536592794	0.0201630637	0	37.5	924.711	0	0	3
146	208	0	2.0368994	101243.091	101243.117	101243.091	101243.145	0.0538538972	0.0201630637	0	37.4	925.95	0	0	3
147	210	0	2.05085077	101243.089	101243.115	101243.089	101243.143	0.0535960418	0.0201630637	0	37.6	927.338	0	0	3
148	211	0	2.06480213	101243.087	101243.114	101243.087	101243.141	0.0535550644	0.0201630637	0	37.6	928.596	0	0	3
149	212	0	2.0787535	101243.086	101243.112	101243.086	101243.139	0.0533717002	0.0201630637	0	37.7	929.967	0	0	3
150	214	0	2.09270486	101243.085	101243.111	101243.085	101243.138	0.0531028377	0.0201630637	0	37.9	931.22	0	0	3
151	215	0	2.10665623	101243.083	101243.109	101243.083	101243.136	0.0528151661	0.0201630637	0	38.1	932.6	0	0	3
152	216	0	2.12060759	101243.082	101243.108	101243.082	101243.134	0.0525432541	0.0201630637	0	38.3	933.841	0	0	3
153	218	0	2.13455896	101243.08	101243.106	101243.08	101243.133	0.0521414984	0.0201630637	0	38.6	935.201	0	0	3
154	219	0	2.14851033	101243.079	101243.105	101243.079	101243.131	0.0520144784	0.0201630637	0	38.7	936.446	0	0	3
155	220	0	2.16246169	101243.078	101243.103	101243.078	101243.129	0.051663556	0.0201630637	0	39	937.823	0	0	3
156	222	0	2.17641306	101243.076	101243.102	101243.076	101243.128	0.0517283849	0.0201630637	0	38.9	939.052	0	0	3
157	223	0	2.19036442	101243.075	101243.1	101243.075	101243.127	0.0519340855	0.0201630637	0	38.8	940.399	0	0	3
158	224	0	2.20431579	101243.073	101243.099	101243.073	101243.125	0.0520606107	0.0201630637	0	38.7	941.652	0	0	3
159	226	0	2.21826715	101243.072	101243.097	101243.072	101243.124	0.0521593301	0.0201630637	0	38.6	943.023	0	0	3
160	227	0	2.23221852	101243.07	101243.096	101243.07	101243.122	0.0520733812	0.0201630637	0	38.7	944.272	0	0	3
161	229	0	2.24616989	101243.068	101243.094	101243.068	101243.12	0.051895485	0.0201630637	0	38.8	945.625	0	0	3
162	230	0	2.26012125	101243.067	101243.093	101243.067	101243.118	0.051796025	0.0201630637	0	38.9	946.879	0	0	3
163	231	0	2.27407262	101243.065	101243.092	101243.065	101243.117	0.0518844873	0.0201630637	0	38.8	948.249	0	0	3
164	233	0	2.28802398	101243.063	101243.09	101243.063	101243.115	0.0518280046	0.0201630637	0	38.9	949.495	0	0	3
165	234	0	2.30197535	101243.062	101243.089	101243.062	101243.114	0.0517233344	0.0201630637	0	38.9	950.846	0	0	3
166	235	0	2.31592671	101243.06	101243.087	101243.06	101243.112	0.0520506045	0.0201630637	0	38.7	952.093	0	0	3
167	237	0	2.32987808	101243.059	101243.086	101243.059	101243.111	0.0522639176	0.0201630637	0	38.5	953.514	0	0	3
168	238	0	2.34382945	101243.057	101243.084	101243.057	101243.11	0.0523783686	0.0201630637	0	38.4	954.706	0	0	3
169	239	0	2.35778081	101243.056	101243.083	101243.056	101243.108	0.0523237693	0.0201630637	0	38.5	956.105	0	0	3
170	241	0	2.37173218	101243.054	101243.081	101243.054	101243.107	0.0526749719	0.0201630637	0	38.2	957.304	0	0	3
171	242	0	2.38568354	101243.053	101243.08	101243.053	101243.106	0.0528395125	0.0201630637	0	38.1	958.726	0	0	3
172	243	0	2.39963491	101243.051	101243.078	101243.051	101243.105	0.0528010666	0.0201630637	0	38.1	959.925	0	0	3
173	245	0	2.41358627	101243.05	101243.077	101243.05	101243.104	0.0527856791	0.0201630637	0	38.1	961.327	0	0	3
174	246	0	2.42753764	101243.048	101243.075	101243.048	101243.103	0.0527939013	0.0201630637	0	38.1	962.529	0	0	3
175	248	0	2.44148901	101243.047	101243.073	101243.047	101243.101	0.0528063376	0.0201630637	0	38.1	963.955	0	0	3
176	249	0	2.45544037	101243.046	101243.072	101243.046	101243.1	0.0528162548	0.0201630637	0	38.1	964.965	0	0	3
177	250	0	2.46939174	101243.045	101243.07	101243.045	101243.098	0.0528034201	0.0201630637	0	38.1	966.243	0	0	3
178	252	0	2.4833431	101243.043	101243.069	101243.043	101243.096	0.0527829006	0.0201630637	0	38.1	967.378	0	0	3
179	253	0	2.49729447	101243.042	101243.067	101243.042	101243.094	0.0521933238	0.0201630637	0	38.6	968.69	0	0	3
180	254	0	2.51124584	101243.04	101243.066	101243.04	101243.092	0.0524150792	0.0201630637	0	38.4	969.841	0	0	3
181	256	0	2.5251972	101243.039	101243.064	101243.039	101243.091	0.0518096792	0.0201630637	0	38.9	971.136	0	0	3
182	257	0	2.53914857	101243.037	101243.063	101243.037	101243.089	0.0519665754	0.0201630637	0	38.8	972.269	0	0	3
183	258	0	2.55309993	101243.036	101243.061	101243.036	101243.087	0.0515839778	0.0201630637	0	39	973.573	0	0	3
184	260	0	2.5670513	101243.034	101243.06	101243.034	101243.086	0.0521795634	0.0201630637	0	38.6	974.874	0	0	3
185	261	0	2.58100266	101243.033	101243.058	101243.033	101243.085	0.0520068891	0.0201630637	0	38.7	976.187	0	0	3
186	263	0	2.59495403	101243.031	101243.057	101243.031	101243.083	0.052437325	0.0201630637	0	38.4	977.501	0	0	3
187	264	0	2.6089054	101243.029	101243.055	101243.029	101243.082	0.0524303013	0.0201630637	0	38.4	978.824	0	0	3
188	265	0	2.62285676	101243.027	101243.054	101243.027	101243.08	0.0524456414	0.0201630637	0	38.4	980.124	0	0	3
189	267	0	2.63680813	101243.026	101243.052	101243.026	101243.079	0.0524682258	0.0201630637	0	38.4	981.43	0	0	3
190	268	0	2.65075949	101243.024	101243.051	101243.024	101243.078	0.0525114425	0.0201630637	0	38.3	982.744	0	0	3
191	269	0	2.66471086	101243.023	101243.049	101243.023	101243.076	0.0525580135	0.0201630637	0	38.3	984.068	0	0	3
192	271	0	2.67866222	101243.021	101243.048	101243.021	101243.075	0.0526096814	0.0201630637	0	38.3	985.374	0	0	3
193	272	0	2.69261359	101243.02	101243.046	101243.02	101243.073	0.0526411646	0.0201630637	0	38.3	986.68	0	0	3
194	274	0	2.70656496	101243.018	101243.045	101243.018	101243.072	0.0526799094	0.0201630637	0	38.2	987.981	0	0	3
195	275	0	2.72051632	101243.017	101243.043	101243.017	101243.07	0.0527001354	0.0201630637	0	38.2	989.356	0	0	3
196	276	0	2.73446769	101243.015	101243.042	101243.015	101243.068	0.0527286501	0.0201630637	0	38.2	990.832	0	0	3
197	278	0	2.74841905	101243.014	101243.04	101243.014	101243.067	0.052612307	0.0201630637	0	38.3	992.238	0	0	3
198	279	0	2.76237042	101243.012	101243.039	101243.012	101243.065	0.052781489	0.0201630637	0	38.2	993.688	0	0	3
199	280	0	2.77632178	101243.011	101243.037	101243.011	101243.063	0.0527314351	0.0201630637	0	38.2	995.028	0	0	3
200	282	0	2.79027315	101243.009	101243.036	101243.009	101243.062	0.0528427686	0.0201630637	0	38.1	996.325	0	0	3
201	283	0	2.80422452	101243.007	101243.034	101243.007	101243.06	0.0528496586	0.0201630637	0	38.1	997.662	0	0	3
202	285	0	2.81817588	101243.005	101243.033	101243.005	101243.059	0.0529008281	0.0201630637	0	38.1	998.954	0	0	3
203	286	0	2.83212725	101243.004	101243.031	101243.004	101243.057	0.0526920328	0.0201630637	0	38.2	1000.27	0	0	3
204	288	0	2.84607861	101243.003	101243.03	101243.003	101243.056	0.052714673	0.0201630637	0	38.2	1001.58	0	0	3
205	289	0	2.86002998	101243.002	101243.028	101243.002	101243.054	0.0524387206	0.0201630637	0	38.4	1002.9	0	0	3
206	290	0	2.87398134	101243	101243.027	101243	101243.053	0.0527173842	0.0201630637	0	38.2	1004.19	0	0	3
207	292	0	2.88793271	101242.999	101243.025	101242.999	101243.051	0.0522435782	0.0201630637	0	38.5	1005.5	0	0	3
208	293	0	2.90188408	101242.997	101243.024	101242.997	101243.05	0.0527050265	0.0201630637	0	38.2	1006.81	0	0	3
209	294	0	2.91583544	101242.996	101243.022	101242.996	101243.048	0.0525015336	0.0201630637	0	38.4	1008.11	0	0	3
210	296	0	2.92978681	101242.994	101243.021	101242.994	101243.047	0.0528157626	0.0201630637	0	38.1	1009.41	0	0	3
211	297	0	2.94373817	101242.992	101243.019	101242.992	101243.046	0.0527938792	0.0201630637	0	38.1	1010.73	0	0	3
212	299	0	2.95768954	101242.99	101243.018	101242.99	101243.045	0.0528085234	0.0201630637	0	38.1	1012.03	0	0	3
213	300	0	2.9716409	101242.989	101243.016	101242.989	101243.043	0.0528403648	0.0201630637	0	38.1	1013.33	0	0	3
214	301	0	2.98559227	101242.987	101243.014	101242.987	101243.042	0.0528998461	0.0201630637	0	38.1	1014.64	0	0	3
215	303	0	2.99954364	101242.986	101243.013	101242.986	101243.04	0.0529628196	0.0201630637	0	38	1015.95	0	0	3
216	304	0	3.013495	101242.984	101243.011	101242.984	101243.039	0.053038358	0.0201630637	0	38	1017.25	0	0	3
217	305	0	3.02744637	101242.983	101243.01	101242.983	101243.037	0.05311356	0.0201630637	0	37.9	1018.56	0	0	3
218	307	0	3.04139773	101242.981	101243.008	101242.981	101243.036	0.0531920089	0.0201630637	0	37.9	1019.84	0	0	3
219	308	0	3.0553491	101242.98	101243.007	101242.98	101243.034	0.0532569477	0.0201630637	0	37.8	1021.11	0	0	3
220	310	0	3.06930047	101242.978	101243.005	101242.978	101243.033	0.0533130193	0.0201630637	0	37.8	1022.21	0	0	3
221	311	0	3.08325183	101242.977	101243.004	101242.977	101243.031	0.0533536522	0.0201630637	0	37.7	1023.49	0	0	3
222	312	0	3.0972032	101242.976	101243.002	101242.976	101243.029	0.053386254	0.0201630637	0	37.7	1024.83	0	0	3
223	314	0	3.11115456	101242.974	101243.001	101242.974	101243.027	0.0530593785	0.0201630637	0	38	1026.19	0	0	3
224	315	0	3.12510593	101242.972	101242.999	101242.972	101243.026	0.0534218435	0.0201630637	0	37.7	1027.62	0	0	3
225	316	0	3.13905729	101242.971	101242.997	101242.971	101243.024	0.0534366068	0.0201630637	0	37.7	1028.79	0	0	3
226	318	0	3.15300866	101242.969	101242.996	101242.969	101243.023	0.0534534127	0.0201630637	0	37.7	1030.08	0	0	3
227	319	0	3.16696003	101242.968	101242.994	101242.968	101243.021	0.0534571715	0.0201630637	0	37.7	1031.26	0	0	3
228	320	0	3.18091139	101242.966	101242.993	101242.966	101243.02	0.0534748564	0.0201630637	0	37.7	1032.68	0	0	3
229	322	0	3.19486276	101242.964	101242.991	101242.964	101243.018	0.0534905584	0.0201630637	0	37.6	1033.85	0	0	3
230	323	0	3.20881412	101242.962	101242.99	101242.962	101243.017	0.0535180822	0.0201630637	0	37.6	1035.25	0	0	3
231	325	0	3.22276549	101242.962	101242.988	101242.962	101243.015	0.0535384724	0.0201630637	0	37.6	1036.49	0	0	3
232	326	0	3.23671685	101242.96	101242.987	101242.96	101243.014	0.053573307	0.0201630637	0	37.6	1037.87	0	0	3
233	327	0	3.25066822	101242.959	101242.985	101242.959	101243.012	0.0533896037	0.0201630637	0	37.7	1039.1	0	0	3
234	329	0	3.26461959	101242.957	101242.984	101242.957	101243.011	0.0536256385	0.0201630637	0	37.5	1040.49	0	0	3
235	330	0	3.27857095	101242.956	101242.982	101242.956	101243.009	0.0530377421	0.0201630637	0	38	1041.54	0	0	3
236	331	0	3.29252232	101242.954	101242.981	101242.954	101243.007	0.0534919215	0.0201630637	0	37.6	1042.85	0	0	3
237	333	0	3.30647368	101242.953	101242.979	101242.953	101243.005	0.0525834869	0.0201630637	0	38.3	1044.02	0	0	3
238	334	0	3.32042505	101242.951	101242.978	101242.951	101243.004	0.0534853719	0.0201630637	0	37.6	1045.3	0	0	3
239	335	0	3.33437641	101242.95	101242.976	101242.95	101243.003	0.0532660245	0.0201630637	0	37.8	1046.61	0	0	3
240	337	0	3.34832778	101242.948	101242.974	101242.948	101243.002	0.0536974705	0.0201630637	0	37.5	1047.91	0	0	3
241	338	0	3.36227915	101242.947	101242.973	101242.947	101243	0.0535098355	0.0201630637	0	37.6	1049.22	0	0	3
242	339	0	3.37623051	101242.945	101242.971	101242.945	101242.999	0.0537681922	0.0201630637	0	37.4	1050.52	0	0	3
243	341	0	3.39018188	101242.943	101242.97	101242.943	101242.997	0.0535624276	0.0201630637	0	37.6	1051.83	0	0	3
244	342	0	3.40413324	101242.942	101242.968	101242.942	101242.996	0.0538405635	0.0201630637	0	37.4	1053.12	0	0	3
245	344	0	3.41808461	101242.94	101242.967	101242.94	101242.994	0.0531049888	0.0201630637	0	37.9	1054.46	0	0	3
246	345	0	3.43203597	101242.939	101242.965	101242.939	101242.992	0.0535505008	0.0201630637	0	37.6	1055.77	0	0	3
247	346	0	3.44598734	101242.937	101242.964	101242.937	101242.99	0.0527422258	0.0201630637	0	38.2	1057.08	0	0	3
248	348	0	3.45993871	101242.935	101242.962	101242.935	101242.989	0.0533444059	0.0201630637	0	37.7	1058.38	0	0	3
249	349	0	3.47389007	101242.934	101242.961	101242.934	101242.987	0.052474998	0.0201630637	0	38.4	1059.52	0	0	3
250	350	0	3.48784144	101242.932	101242.959	101242.932	101242.986	0.0532397054	0.0201630637	0	37.8	1060.8	0	0	3
251	352	0	3.5017928	101242.931	101242.958	101242.931	101242.984	0.0526242822	0.0201630637	0	38.3	1062.11	0	0	3
252	353	0	3.51574417	101242.929	101242.956	101242.929	101242.983	0.0533088624	0.0201630637	0	37.8	1063.41	0	0	3
253	354	0	3.52969553	101242.928	101242.955	101242.928	101242.981	0.0526952982	0.0201630637	0	38.2	1064.72	0	0	3
254	356	0	3.5436469	101242.927	101242.953	101242.927	101242.98	0.0531309126	0.0201630637	0	37.9	1066.02	0	0	3
255	357	0	3.55759827	101242.926	101242.952	101242.926	101242.978	0.0526576419	0.0201630637	0	38.2	1067.3	0	0	3
256	358	0	3.57154963	101242.924	101242.95	101242.924	101242.977	0.053174376	0.0201630637	0	37.9	1068.59	0	0	3
257	360	0	3.585501	101242.923	101242.949	101242.923	101242.976	0.0528862545	0.0201630637	0	38.1	1069.9	0	0	3
258	361	0	3.59945236	101242.921	101242.947	101242.921	101242.974	0.053402729	0.0201630637	0	37.7	1071.21	0	0	3
259	362	0	3.61340373	101242.92	101242.946	101242.92	101242.972	0.0525792554	0.0201630637	0	38.3	1072.52	0	0	3
260	364	0	3.6273551	101242.917	101242.944	101242.917	101242.971	0.0530487717	0.0201630637	0	38	1073.84	0	0	3
261	365	0	3.64130646	101242.916	101242.943	101242.916	101242.969	0.0526187005	0.0201630637	0	38.3	1075.14	0	0	3
262	367	0	3.65525783	101242.914	101242.941	101242.914	101242.968	0.0533480131	0.0201630637	0	37.7	1076.47	0	0	3
263	368	0	3.66920919	101242.913	101242.94	101242.913	101242.966	0.0527596727	0.0201630637	0	38.2	1077.6	0	0	3
264	369	0	3.68316056	101242.911	101242.938	101242.911	101242.964	0.0530601254	0.0201630637	0	38	1078.9	0	0	3
265	371	0	3.69711192	101242.91	101242.937	101242.91	101242.962	0.0522139445	0.0201630637	0	38.6	1080.2	0	0	3
266	372	0	3.71106329	101242.909	101242.935	101242.909	101242.962	0.0526693893	0.0201630637	0	38.2	1081.51	0	0	3
267	373	0	3.72501466	101242.908	101242.934	101242.908	101242.96	0.0518398144	0.0201630637	0	38.8	1082.79	0	0	3
268	375	0	3.73896602	101242.906	101242.932	101242.906	101242.959	0.0526492238	0.0201630637	0	38.2	1084.12	0	0	3
269	376	0	3.75291739	101242.905	101242.931	101242.905	101242.957	0.0518580797	0.0201630637	0	38.8	1085.42	0	0	3
270	378	0	3.76686875	101242.903	101242.929	101242.903	101242.956	0.0528674683	0.0201630637	0	38.1	1086.75	0	0	3
271	379	0	3.78082012	101242.901	101242.928	101242.901	101242.954	0.0525041618	0.0201630637	0	38.4	1088.04	0	0	3
272	380	0	3.79477148	101242.899	101242.926	101242.899	101242.953	0.0530263368	0.0201630637	0	38	1089.37	0	0	3
273	382	0	3.80872285	101242.898	101242.924	101242.898	101242.951	0.0530448372	0.0201630637	0	38	1090.68	0	0	3
274	383	0	3.82267422	101242.896	101242.923	101242.896	101242.95	0.0530551836	0.0201630637	0	38	1092.01	0	0	3
275	384	0	3.83662558	101242.894	101242.921	101242.894	101242.948	0.0530593518	0.0201630637	0	38	1093.3	0	0	3
276	386	0	3.85057695	101242.892	101242.92	101242.892	101242.947	0.0530631683	0.0201630637	0	37.9	1094.62	0	0	3
277	387	0	3.86452831	101242.892	101242.918	101242.892	101242.945	0.0530530541	0.0201630637	0	38	1095.74	0	0	3
278	388	0	3.87847968	101242.89	101242.917	101242.89	101242.943	0.0530394523	0.0201630637	0	38	1097.04	0	0	3
279	390	0	3.89243104	101242.889	101242.915	101242.889	101242.942	0.0528296895	0.0201630637	0	38.1	1098.36	0	0	3
280	391	0	3.90638241	101242.887	101242.914	101242.887	101242.94	0.0529968686	0.0201630637	0	38	1099.68	0	0	3
281	392	0	3.92033378	101242.886	101242.912	101242.886	101242.939	0.0524551376	0.0201630637	0	38.4	1100.99	0	0	3
282	394	0	3.93428514	101242.884	101242.911	101242.884	101242.937	0.0529544255	0.0201630637	0	38	1102.33	0	0	3
283	395	0	3.94823651	101242.883	101242.909	101242.883	101242.935	0.0523266556	0.0201630637	0	38.5	1103.64	0	0	3
284	397	0	3.96218787	101242.881	101242.908	101242.881	101242.934	0.0529404551	0.0201630637	0	38	1104.96	0	0	3
285	398	0	3.97613924	101242.88	101242.906	101242.88	101242.932	0.0523747003	0.0201630637	0	38.4	1106.26	0	0	3
286	399	0	3.9900906	101242.878	101242.905	101242.878	101242.931	0.0528043138	0.0201630637	0	38.1	1107.57	0	0	3
287	401	0	4.00404197	101242.877	101242.903	101242.877	101242.929	0.0523798772	0.0201630637	0	38.4	1108.84	0	0	3
