Iteration	CPUTime	PhysTime	Travels	Value	AvValue	MinValue	MaxValue	Delta	Criteria	Progress	dGMaxMin	CriteriaType	CriteriaVarType	CriteriaPercentage
1	8	0	0.0139513658	103736.941	103736.941	103736.941	103736.941	0	0	0	0	0	0	0	3
2	10	0	0.0279027315	7993.51307	55865.2272	7993.51307	103736.941	47871.7141	0	0	0	0	0	0	3
3	11	0	0.0418540973	4306.6058	38679.0201	4306.6058	103736.941	65057.9212	0	0	0	0	0	0	3
4	13	0	0.055805463	1648.70342	29421.4409	1648.70342	103736.941	74315.5004	0	0	0	0	0	0	3
5	14	0	0.0697568288	1996.58629	23936.47	1648.70342	103736.941	79800.4713	0	0	0	0	0	0	3
6	16	0	0.0837081945	1714.59663	20232.8244	1648.70342	103736.941	83504.1169	0	0	0	0	0	0	3
7	17	0	0.0976595603	1915.6576	17616.0863	1648.70342	103736.941	86120.855	0	0	0	0	0	0	3
8	18	0	0.111610926	1869.64359	15647.781	1648.70342	103736.941	88089.1603	0	0	0	0	0	0	3
9	20	0	0.125562292	1836.80319	14113.2279	1648.70342	103736.941	89623.7134	0	0	0	0	0	0	3
10	21	0	0.139513658	1763.30777	12878.2359	1648.70342	103736.941	90858.7054	0	0	0	0	0	0	3
11	22	0	0.153465023	1686.65741	11860.8196	1648.70342	103736.941	91876.1217	0	0	0	0	0	0	3
12	23	0	0.167416389	1628.60076	11008.1347	1628.60076	103736.941	92728.8066	0	0	0	0	0	0	3
13	25	0	0.181367755	1554.71466	10280.9486	1554.71466	103736.941	93455.9927	0	0	0	0	0	0	3
14	26	0	0.195319121	1509.30408	9654.40254	1509.30408	103736.941	94082.5388	0	0	0	0	0	0	3
15	27	0	0.209270486	1446.92248	9107.2372	1446.92248	103736.941	94629.7041	0	0	0	0	0	0	3
16	29	0	0.223221852	1404.11213	8625.79189	1404.11213	103736.941	95111.1494	0	0	0	0	0	0	3
17	30	0	0.237173218	1352.27878	8197.93817	1352.27878	103736.941	95539.0031	0	0	0	0	0	0	3
18	32	0	0.251124584	1316.81276	7815.65343	1316.81276	103736.941	95921.2879	0	0	0	0	0	0	3
19	33	0	0.265075949	1282.0536	7471.77975	1282.0536	103736.941	96265.1616	0	0	0	0	0	0	3
20	34	0	0.279027315	1256.67138	7161.02434	1256.67138	103736.941	96575.917	0	0	0	0	0	0	3
21	36	0	0.292978681	1235.71941	6878.86696	1235.71941	103736.941	96858.0743	0	0	0	0	0	0	3
22	37	0	0.306930047	1213.74571	6621.36145	1213.74571	103736.941	97115.5799	0	0	0	0	0	0	3
23	38	0	0.320881412	1196.00726	6385.47648	1196.00726	103736.941	97351.4648	0	0	0	0	0	0	3
24	40	0	0.334832778	1186.36818	6168.84697	1186.36818	103736.941	97568.0943	0	0	0	0	0	0	3
25	41	0	0.348784144	1181.94265	5969.3708	1181.94265	103736.941	97767.5705	0	0	0	0	0	0	3
26	43	0	0.36273551	1180.5747	5785.18633	1180.5747	103736.941	97951.755	0	0	0	0	0	0	3
27	44	0	0.376686875	1184.00929	5614.77237	1180.5747	103736.941	98122.1689	0	0	0	0	0	0	3
28	45	0	0.390638241	1191.46755	5456.7972	1180.5747	103736.941	98280.1441	0	0	0	0	0	0	3
29	47	0	0.404589607	1204.68396	5310.1726	1180.5747	103736.941	98426.7687	0	0	0	0	0	0	3
30	48	0	0.418540973	1217.6852	5173.75635	1180.5747	103736.941	98563.185	0	0	0	0	0	0	3
31	50	0	0.432492338	1231.53669	5046.58798	1180.5747	103736.941	98690.3533	0	0	0	0	0	0	3
32	51	0	0.446443704	1244.08008	4927.75961	1180.5747	103736.941	98809.1817	0	0	0	0	0	0	3
33	52	0	0.46039507	1253.16284	4816.40819	1180.5747	103736.941	98920.5331	0	0	0	0	0	0	3
34	54	0	0.474346436	1250.05469	4711.51544	1180.5747	103736.941	99025.4259	0	0	0	0	0	0	3
35	55	0	0.488297801	1239.74259	4612.32193	1180.5747	103736.941	99124.6194	0	0	0	0	0	0	3
36	57	0	0.502249167	1223.17443	4518.17894	1180.5747	103736.941	99218.7624	0	0	0	0	0	0	3
37	58	0	0.516200533	1199.46337	1669.91567	1180.5747	7993.51307	6812.93837	0	0	0	0	0	0	3
38	60	0	0.530151899	1170.43227	1480.38564	1170.43227	4306.6058	3136.17352	0	0	0	0	0	0	3
39	61	0	0.544103264	1149.02355	1392.67503	1149.02355	1996.58629	847.56274	0	0	0	0	0	0	3
40	63	0	0.55805463	1134.4771	1378.39096	1134.4771	1996.58629	862.109188	0	0	0	0	0	0	3
41	64	0	0.572005996	1127.29658	1354.24403	1127.29658	1915.6576	788.361021	0	0	0	0	0	0	3
42	65	0	0.585957362	1121.23118	1337.76165	1121.23118	1915.6576	794.426418	0	0	0	0	0	0	3
43	67	0	0.599908727	1116.32829	1315.55806	1116.32829	1869.64359	753.315295	0	0	0	0	0	0	3
44	68	0	0.613860093	1111.16057	1294.48909	1111.16057	1836.80319	725.642625	0	0	0	0	0	0	3
45	70	0	0.627811459	1109.51673	1274.28669	1109.51673	1763.30777	653.791038	0	0	0	0	0	0	3
46	71	0	0.641762825	1107.4112	1256.06734	1107.4112	1686.65741	579.246213	0	0	0	0	0	0	3
47	72	0	0.65571419	1105.94129	1239.93633	1105.94129	1628.60076	522.659467	0	0	0	0	0	0	3
48	74	0	0.669665556	1105.15377	1225.39614	1105.15377	1554.71466	449.560887	0	0	0	0	0	0	3
49	75	0	0.683616922	1104.74512	1212.89699	1104.74512	1509.30408	404.558966	0	0	0	0	0	0	3
50	77	0	0.697568288	1103.84245	1201.63416	1103.84245	1446.92248	343.080032	0	0	0	0	0	0	3
51	78	0	0.711519653	1102.78762	1192.07486	1102.78762	1404.11213	301.324512	0	0	0	0	0	0	3
52	79	0	0.725471019	1101.79247	1183.67709	1101.79247	1352.27878	250.486305	0	0	0	0	0	0	3
53	81	0	0.739422385	1102.22553	1176.73117	1101.79247	1316.81276	215.020292	0	0	0	0	0	0	3
54	82	0	0.753373751	1103.18233	1170.79699	1101.79247	1282.0536	180.261129	0	0	0	0	0	0	3
55	83	0	0.767325116	1104.46177	1165.86388	1101.79247	1256.67138	154.878912	0	0	0	0	0	0	3
56	85	0	0.781276482	1105.06981	1161.65273	1101.79247	1253.16284	151.370368	0	0	0	0	0	0	3
57	86	0	0.795227848	1107.09994	1158.07997	1101.79247	1253.16284	151.370368	0	0	0	0	0	0	3
58	88	0	0.809179214	1107.72364	1155.13491	1101.79247	1253.16284	151.370368	0	0	0	0	0	0	3
59	89	0	0.823130579	1108.80869	1152.71273	1101.79247	1253.16284	151.370368	0	0	0	0	0	0	3
60	90	0	0.837081945	1109.72684	1150.5838	1101.79247	1253.16284	151.370368	0	0	0	0	0	0	3
61	92	0	0.851033311	1111.76018	1148.63429	1101.79247	1253.16284	151.370368	0	0	0	0	0	0	3
62	93	0	0.864984677	1113.88816	1146.78188	1101.79247	1253.16284	151.370368	0	0	0	0	0	0	3
63	95	0	0.878936042	1115.7253	1144.88511	1101.79247	1253.16284	151.370368	0	0	0	0	0	0	3
64	96	0	0.892887408	1117.57244	1142.83246	1101.79247	1253.16284	151.370368	0	0	0	0	0	0	3
65	97	0	0.906838774	1119.96974	1140.47929	1101.79247	1253.16284	151.370368	0	0	0	0	0	0	3
66	99	0	0.92079014	1121.54677	1137.80878	1101.79247	1253.16284	151.370368	0	0	0	0	0	0	3
67	100	0	0.934741505	1123.91137	1134.81919	1101.79247	1253.16284	151.370368	0	0	0	0	0	0	3
68	101	0	0.948692871	1125.76969	1131.53279	1101.79247	1253.16284	151.370368	0	0	0	0	0	0	3
69	103	0	0.962644237	1128.3476	1128.0657	1101.79247	1250.05469	148.262221	0	0	0	0	0	0	3
70	104	0	0.976595603	1130.21047	1124.73669	1101.79247	1239.74259	137.950115	0	0	0	0	0	0	3
71	106	0	0.990546968	1132.1961	1121.74929	1101.79247	1223.17443	121.381952	0	0	0	0	0	0	3
72	107	0	1.00449833	1133.32753	1119.25354	1101.79247	1199.46337	97.6708998	96.1443997	0	98.4	0	0	0	3
73	108	0	1.0184497	1134.65762	1117.45338	1101.79247	1170.43227	68.6397992	96.1443997	0	100	0	0	0	3
74	110	0	1.03240107	1135.4136	1116.48064	1101.79247	1149.02355	47.23108	96.1443997	0	100	0	0	0	3
75	111	0	1.04635243	1135.97193	1116.1181	1101.79247	1135.97193	34.1794597	96.1443997	0	100	0	0	0	3
76	112	0	1.0603038	1136.3589	1116.17037	1101.79247	1136.3589	34.5664235	96.1443997	0	100	0	0	0	3
77	114	0	1.07425516	1138.1877	1116.4729	1101.79247	1138.1877	36.3952225	96.1443997	0	100	0	0	0	3
78	115	0	1.08820653	1139.38994	1116.97731	1101.79247	1139.38994	37.5974667	96.1443997	0	100	0	0	0	3
79	117	0	1.10215789	1140.87254	1117.65909	1101.79247	1140.87254	39.0800675	96.1443997	0	100	0	0	0	3
80	118	0	1.11610926	1141.89462	1118.51282	1101.79247	1141.89462	40.1021475	96.1443997	0	100	0	0	0	3
81	119	0	1.13006063	1142.59339	1119.43161	1101.79247	1142.59339	40.8009153	96.1443997	0	100	0	0	0	3
82	121	0	1.14401199	1143.66665	1120.43871	1101.79247	1143.66665	41.8741788	96.1443997	0	100	0	0	0	3
83	122	0	1.15796336	1144.25195	1121.50289	1101.79247	1144.25195	42.4594768	96.1443997	0	100	0	0	0	3
84	123	0	1.17191472	1144.72058	1122.60197	1101.79247	1144.72058	42.9281091	96.1443997	0	100	0	0	0	3
85	125	0	1.18586609	1144.85202	1123.71605	1101.79247	1144.85202	43.0595511	96.1443997	0	100	0	0	0	3
86	126	0	1.19981745	1145.46763	1124.87231	1101.79247	1145.46763	43.6751529	96.1443997	0	100	0	0	0	3
87	128	0	1.21376882	1145.79466	1126.06695	1101.79247	1145.79466	44.0021856	96.1443997	0	100	0	0	0	3
88	129	0	1.22772019	1146.16734	1127.29958	1102.22553	1146.16734	43.9418078	96.1443997	0	100	0	0	0	3
89	130	0	1.24167155	1146.50077	1128.52945	1103.18233	1146.50077	43.3184401	96.1443997	0	100	0	0	0	3
90	132	0	1.25562292	1147.07431	1129.74867	1104.46177	1147.07431	42.6125379	96.1443997	0	100	0	0	0	3
91	133	0	1.26957428	1147.67305	1130.94898	1105.06981	1147.67305	42.6032362	96.1443997	0	100	0	0	0	3
92	134	0	1.28352565	1148.75456	1132.16245	1107.09994	1148.75456	41.6546181	96.1443997	0	100	0	0	0	3
93	136	0	1.29747701	1149.66227	1133.34474	1107.72364	1149.66227	39.016813	96.1443997	0	100	0	0	0	3
94	137	0	1.31142838	1150.49317	1134.53278	1108.80869	1150.49317	36.5946306	96.1443997	0	100	0	0	0	3
95	138	0	1.32537975	1150.90081	1135.70201	1109.72684	1150.90081	34.4657044	96.1443997	0	100	0	0	0	3
96	140	0	1.33933111	1150.88111	1136.84518	1111.76018	1150.90081	32.5161913	96.1443997	0	100	0	0	0	3
97	141	0	1.35328248	1150.96617	1137.93423	1113.88816	1150.96617	30.6637875	96.1443997	0	100	0	0	0	3
98	143	0	1.36723384	1151.199	1138.97065	1115.7253	1151.199	28.76701	96.1443997	0	100	0	0	0	3
99	144	0	1.38118521	1151.12139	1139.95387	1117.57244	1151.199	26.7143681	96.1443997	0	100	0	0	0	3
100	145	0	1.39513658	1151.09892	1140.88516	1119.96974	1151.199	24.7670673	96.1443997	0	100	0	0	0	3
101	147	0	1.40908794	1151.54882	1141.76236	1121.54677	1151.54882	25.644264	96.1443997	0	100	0	0	0	3
102	148	0	1.42303931	1151.78103	1142.6022	1123.91137	1151.78103	26.4841043	96.1443997	0	100	0	0	0	3
103	150	0	1.43699067	1151.8857	1143.37926	1125.76969	1151.8857	26.1160145	96.1443997	0	100	0	0	0	3
104	151	0	1.45094204	1152.23521	1144.11442	1128.3476	1152.23521	23.8876106	96.1443997	0	100	0	0	0	3
105	153	0	1.4648934	1152.69648	1144.79078	1130.21047	1152.69648	22.4860137	96.1443997	0	100	0	0	0	3
106	154	0	1.47884477	1152.85591	1145.41982	1132.1961	1152.85591	20.6598073	96.1443997	0	100	0	0	0	3
107	155	0	1.49279614	1153.18389	1146.00281	1133.32753	1153.18389	19.8563683	96.1443997	0	100	0	0	0	3
108	157	0	1.5067475	1153.4398	1146.56148	1134.65762	1153.4398	18.7821803	96.1443997	0	100	0	0	0	3
109	158	0	1.52069887	1153.77888	1147.09263	1135.4136	1153.77888	18.3652814	96.1443997	0	100	0	0	0	3
110	160	0	1.53465023	1153.91427	1147.60654	1135.97193	1153.91427	17.9423351	96.1443997	0	100	0	0	0	3
111	161	0	1.5486016	1154.45531	1148.11996	1136.3589	1154.45531	18.0964118	96.1443997	0	100	0	0	0	3
112	162	0	1.56255296	1154.68811	1148.62911	1138.1877	1154.68811	16.5004172	96.1443997	0	100	0	0	0	3
113	164	0	1.57650433	1154.95325	1149.09482	1139.38994	1154.95325	15.5633108	96.1443997	0	100	0	0	0	3
114	165	0	1.5904557	1155.17032	1149.53316	1140.87254	1155.17032	14.2977809	96.1443997	0	100	0	0	0	3
115	166	0	1.60440706	1155.19079	1149.93089	1141.89462	1155.19079	13.2961734	96.1443997	0	100	0	0	0	3
116	168	0	1.61835843	1155.1658	1150.29954	1142.59339	1155.19079	12.5974057	96.1443997	0	100	0	0	0	3
117	169	0	1.63230979	1155.44886	1150.65663	1143.66665	1155.44886	11.7822121	96.1443997	0	100	0	0	0	3
118	170	0	1.64626116	1155.34665	1150.98108	1144.25195	1155.44886	11.1969141	96.1443997	0	100	0	0	0	3
119	172	0	1.66021252	1155.26781	1151.28707	1144.72058	1155.44886	10.7282818	96.1443997	0	100	0	0	0	3
120	173	0	1.67416389	1154.8512	1151.56848	1144.85202	1155.44886	10.5968398	96.1443997	0	100	0	0	0	3
121	174	0	1.68811526	1154.79615	1151.84471	1145.46763	1155.44886	9.98123799	96.1443997	0	100	0	0	0	3
122	176	0	1.70206662	1154.95125	1152.10814	1145.79466	1155.44886	9.65420533	96.1443997	0	100	0	0	0	3
123	177	0	1.71601799	1155.5092	1152.37799	1146.16734	1155.5092	9.34186521	96.1443997	0	100	0	0	0	3
124	178	0	1.72996935	1155.73818	1152.64384	1146.50077	1155.73818	9.23740354	96.1443997	0	100	0	0	0	3
125	180	0	1.74392072	1156.39247	1152.91861	1147.07431	1156.39247	9.31815694	96.1443997	0	100	0	0	0	3
126	181	0	1.75787208	1156.64256	1153.1844	1147.67305	1156.64256	8.96951277	96.1443997	0	100	0	0	0	3
127	183	0	1.77182345	1157.05174	1153.44492	1148.75456	1157.05174	8.29718207	96.1443997	0	100	0	0	0	3
128	184	0	1.78577482	1156.86023	1153.67008	1149.66227	1157.05174	7.389479	96.1443997	0	100	0	0	0	3
129	185	0	1.79972618	1156.74437	1153.8668	1150.49317	1157.05174	6.55857197	96.1443997	0	100	0	0	0	3
130	187	0	1.81367755	1156.44837	1154.03222	1150.88111	1157.05174	6.17063891	96.1443997	0	100	0	0	0	3
131	188	0	1.82762891	1156.50478	1154.18789	1150.88111	1157.05174	6.17063891	96.1443997	0	100	0	0	0	3
132	189	0	1.84158028	1156.2885	1154.33809	1150.96617	1157.05174	6.08557031	96.1443997	0	100	0	0	0	3
133	191	0	1.85553164	1156.27881	1154.48567	1151.09892	1157.05174	5.95282939	96.1443997	0	100	0	0	0	3
134	192	0	1.86948301	1155.59268	1154.60771	1151.09892	1157.05174	5.95282939	96.1443997	0	100	0	0	0	3
135	193	0	1.88343438	1155.18473	1154.72058	1151.09892	1157.05174	5.95282939	96.1443997	0	100	0	0	0	3
136	195	0	1.89738574	1154.63155	1154.81871	1151.54882	1157.05174	5.50292729	96.1443997	0	100	0	0	0	3
137	196	0	1.91133711	1154.73525	1154.90723	1151.78103	1157.05174	5.27071952	96.1443997	0	100	0	0	0	3
138	197	0	1.92528847	1154.46762	1154.98185	1151.8857	1157.05174	5.16604359	96.1443997	0	100	0	0	0	3
139	199	0	1.93923984	1154.81108	1155.06311	1152.23521	1157.05174	4.81653352	96.1443997	0	100	0	0	0	3
140	200	0	1.95319121	1155.00118	1155.13995	1152.69648	1157.05174	4.35526487	96.1443997	0	100	0	0	0	3
141	201	0	1.96714257	1155.49119	1155.21758	1152.85591	1157.05174	4.19583857	96.1443997	0	100	0	0	0	3
142	203	0	1.98109394	1155.667	1155.29566	1153.18389	1157.05174	3.86785095	96.1443997	0	100	0	0	0	3
143	204	0	1.9950453	1156.04554	1155.37515	1153.4398	1157.05174	3.61194507	96.1443997	0	100	0	0	0	3
144	206	0	2.00899667	1156.27701	1155.45396	1153.77888	1157.05174	3.27286072	96.1443997	0	100	0	0	0	3
145	207	0	2.02294803	1156.83127	1155.53875	1153.91427	1157.05174	3.13747702	96.1443997	0	100	0	0	0	3
146	208	0	2.0368994	1157.01189	1155.6248	1154.45531	1157.05174	2.59643662	96.1443997	0	100	0	0	0	3
147	210	0	2.05085077	1157.43056	1155.70744	1154.46762	1157.43056	2.96293593	96.1443997	0	100	0	0	0	3
148	211	0	2.06480213	1157.08881	1155.77413	1154.46762	1157.43056	2.96293593	96.1443997	0	100	0	0	0	3
149	212	0	2.0787535	1156.9481	1155.82954	1154.46762	1157.43056	2.96293593	96.1443997	0	100	0	0	0	3
150	214	0	2.09270486	1156.36082	1155.86261	1154.46762	1157.43056	2.96293593	96.1443997	0	100	0	0	0	3
151	215	0	2.10665623	1156.22608	1155.89137	1154.46762	1157.43056	2.96293593	96.1443997	0	100	0	0	0	3
152	216	0	2.12060759	1155.56195	1155.90237	1154.46762	1157.43056	2.96293593	96.1443997	0	100	0	0	0	3
153	218	0	2.13455896	1155.78669	1155.91176	1154.46762	1157.43056	2.96293593	96.1443997	0	100	0	0	0	3
154	219	0	2.14851033	1155.47661	1155.91537	1154.46762	1157.43056	2.96293593	96.1443997	0	100	0	0	0	3
155	220	0	2.16246169	1155.66309	1155.92635	1154.46762	1157.43056	2.96293593	96.1443997	0	100	0	0	0	3
156	222	0	2.17641306	1155.67869	1155.94933	1154.46762	1157.43056	2.96293593	96.1443997	0	100	0	0	0	3
157	223	0	2.19036442	1156.20969	1155.9886	1154.46762	1157.43056	2.96293593	96.1443997	0	100	0	0	0	3
158	224	0	2.20431579	1156.04712	1156.01904	1154.46762	1157.43056	2.96293593	96.1443997	0	100	0	0	0	3
159	226	0	2.21826715	1156.24573	1156.0395	1154.46762	1157.43056	2.96293593	96.1443997	0	100	0	0	0	3
160	227	0	2.23221852	1155.92523	1156.04469	1154.46762	1157.43056	2.96293593	96.1443997	0	100	0	0	0	3
161	229	0	2.24616989	1155.59321	1156.02249	1154.46762	1157.43056	2.8602946	96.1443997	0	100	0	0	0	3
162	230	0	2.26012125	1155.06976	1155.9788	1154.46762	1157.43056	2.59977523	96.1443997	0	100	0	0	0	3
163	231	0	2.27407262	1155.44179	1155.93408	1154.46762	1157.43056	2.37461779	96.1443997	0	100	0	0	0	3
164	233	0	2.28802398	1155.33799	1155.8918	1154.46762	1157.43056	2.17789269	96.1443997	0	100	0	0	0	3
165	234	0	2.30197535	1155.37167	1155.85367	1154.46762	1157.43056	2.01247065	96.1443997	0	100	0	0	0	3
166	235	0	2.31592671	1155.53376	1155.82826	1154.46762	1157.43056	1.85680466	96.1443997	0	100	0	0	0	3
167	237	0	2.32987808	1156.01612	1155.81469	1154.46762	1157.43056	1.70659932	96.1443997	0	100	0	0	0	3
168	238	0	2.34382945	1156.19166	1155.812	1154.46762	1157.43056	1.55902605	96.1443997	0	100	0	0	0	3
169	239	0	2.35778081	1156.41597	1155.81581	1154.46762	1157.43056	1.43697944	96.1443997	0	100	0	0	0	3
170	241	0	2.37173218	1156.35933	1155.8371	1154.46762	1157.43056	1.32410901	96.1443997	0	100	0	0	0	3
171	242	0	2.38568354	1156.19277	1155.8651	1154.46762	1157.43056	1.22598019	96.1443997	0	100	0	0	0	3
172	243	0	2.39963491	1156.01999	1155.90367	1154.46762	1157.43056	1.13746824	96.1443997	0	100	0	0	0	3
173	245	0	2.41358627	1155.8958	1155.93591	1154.46762	1157.43056	1.06284047	96.1443997	0	100	0	0	0	3
174	246	0	2.42753764	1155.90455	1155.97582	1154.81108	1157.43056	0.981579984	96.1443997	0	100	0	0	0	3
175	248	0	2.44148901	1155.43152	1155.99306	1155.00118	1157.43056	0.904747633	96.1443997	0	100	0	0	0	3
176	249	0	2.45544037	1155.30428	1156.00148	1155.06976	1157.43056	0.827116859	96.1443997	0	100	0	0	0	3
177	250	0	2.46939174	1154.95661	1155.98663	1154.95661	1157.43056	0.74903097	96.1443997	0	100	0	0	0	3
178	252	0	2.4833431	1154.66688	1155.95885	1154.66688	1157.43056	0.66954089	96.1443997	0	100	0	0	0	3
179	253	0	2.49729447	1154.555	1155.91744	1154.555	1157.43056	0.590729617	96.1443997	0	100	0	0	0	3
180	254	0	2.51124584	1154.71377	1155.87402	1154.555	1157.43056	0.505941215	96.1443997	0	100	0	0	0	3
181	256	0	2.5251972	1155.0128	1155.82351	1154.555	1157.43056	0.419896204	96.1443997	0	100	0	0	0	3
182	257	0	2.53914857	1155.66861	1155.78619	1154.555	1157.43056	0.337250296	96.1443997	0	100	0	0	0	3
183	258	0	2.55309993	1156.04925	1155.74782	1154.555	1157.08881	0.296868732	96.1443997	0	100	0	0	0	3
184	260	0	2.5670513	1156.45521	1155.73022	1154.555	1156.9481	0.314468569	96.1443997	0	100	0	0	0	3
185	261	0	2.58100266	1156.58545	1155.72015	1154.555	1156.58545	0.324542298	96.1443997	0	100	0	0	0	3
186	263	0	2.59495403	1156.44542	1155.7225	1154.555	1156.58545	0.324542298	96.1443997	0	100	0	0	0	3
187	264	0	2.6089054	1156.40244	1155.7274	1154.555	1156.58545	0.324542298	96.1443997	0	100	0	0	0	3
188	265	0	2.62285676	1156.27912	1155.74732	1154.555	1156.58545	0.324542298	96.1443997	0	100	0	0	0	3
189	267	0	2.63680813	1155.98584	1155.75285	1154.555	1156.58545	0.324542298	96.1443997	0	100	0	0	0	3
190	268	0	2.65075949	1155.38731	1155.75037	1154.555	1156.58545	0.324542298	96.1443997	0	100	0	0	0	3
191	269	0	2.66471086	1154.86116	1155.7281	1154.555	1156.58545	0.324542298	96.1443997	0	100	0	0	0	3
192	271	0	2.67866222	1154.64909	1155.6995	1154.555	1156.58545	0.34519637	96.1443997	0	100	0	0	0	3
193	272	0	2.69261359	1154.58534	1155.65438	1154.555	1156.58545	0.390317293	96.1443997	0	100	0	0	0	3
194	274	0	2.70656496	1155.28068	1155.63309	1154.555	1156.58545	0.411607337	96.1443997	0	100	0	0	0	3
195	275	0	2.72051632	1156.01287	1155.62662	1154.555	1156.58545	0.418075516	96.1443997	0	100	0	0	0	3
196	276	0	2.73446769	1156.20015	1155.63425	1154.555	1156.58545	0.39587389	96.1443997	0	100	0	0	0	3
197	278	0	2.74841905	1156.14569	1155.6496	1154.555	1156.58545	0.374860032	96.1443997	0	100	0	0	0	3
198	279	0	2.76237042	1156.2569	1155.68258	1154.555	1156.58545	0.374860032	96.1443997	0	100	0	0	0	3
199	280	0	2.77632178	1156.34276	1155.7076	1154.555	1156.58545	0.374860032	96.1443997	0	100	0	0	0	3
200	282	0	2.79027315	1156.04657	1155.72729	1154.555	1156.58545	0.374860032	96.1443997	0	100	0	0	0	3
201	283	0	2.80422452	1155.60458	1155.73376	1154.555	1156.58545	0.374860032	96.1443997	0	100	0	0	0	3
202	285	0	2.81817588	1155.29089	1155.72701	1154.555	1156.58545	0.374860032	96.1443997	0	100	0	0	0	3
203	286	0	2.83212725	1154.98115	1155.69826	1154.555	1156.58545	0.374860032	96.1443997	0	100	0	0	0	3
204	288	0	2.84607861	1154.86605	1155.66144	1154.555	1156.58545	0.374860032	96.1443997	0	100	0	0	0	3
205	289	0	2.86002998	1154.5078	1155.60843	1154.5078	1156.58545	0.393043854	96.1443997	0	100	0	0	0	3
206	290	0	2.87398134	1154.57589	1155.55889	1154.5078	1156.58545	0.442583749	96.1443997	0	100	0	0	0	3
207	292	0	2.88793271	1154.52977	1155.5127	1154.5078	1156.58545	0.488778369	96.1443997	0	100	0	0	0	3
208	293	0	2.90188408	1154.89978	1155.48158	1154.5078	1156.58545	0.519895304	96.1443997	0	100	0	0	0	3
209	294	0	2.91583544	1155.21399	1155.46264	1154.5078	1156.58545	0.538834516	96.1443997	0	100	0	0	0	3
210	296	0	2.92978681	1155.87317	1155.46177	1154.5078	1156.58545	0.53970616	96.1443997	0	100	0	0	0	3
211	297	0	2.94373817	1155.94333	1155.47599	1154.5078	1156.58545	0.53970616	96.1443997	0	100	0	0	0	3
212	299	0	2.95768954	1155.93317	1155.49346	1154.5078	1156.58545	0.524856814	96.1443997	0	100	0	0	0	3
213	300	0	2.9716409	1155.45889	1155.50741	1154.5078	1156.58545	0.497075764	96.1443997	0	100	0	0	0	3
214	301	0	2.98559227	1155.05113	1155.51808	1154.5078	1156.58545	0.455671882	96.1443997	0	100	0	0	0	3
215	303	0	2.99954364	1154.66807	1155.52122	1154.5078	1156.58545	0.412248723	96.1443997	0	100	0	0	0	3
216	304	0	3.013495	1154.62864	1155.51886	1154.5078	1156.58545	0.361735858	96.1443997	0	100	0	0	0	3
217	305	0	3.02744637	1153.95424	1155.48946	1153.95424	1156.58545	0.324422655	96.1443997	0	100	0	0	0	3
218	307	0	3.04139773	1154.06561	1155.44493	1153.95424	1156.58545	0.307926197	96.1443997	0	100	0	0	0	3
219	308	0	3.0553491	1154.42277	1155.39975	1153.95424	1156.58545	0.353106169	96.1443997	0	100	0	0	0	3
220	310	0	3.06930047	1154.95943	1155.3582	1153.95424	1156.58545	0.394655701	96.1443997	0	100	0	0	0	3
221	311	0	3.08325183	1155.35824	1155.32411	1153.95424	1156.44542	0.428744716	96.1443997	0	100	0	0	0	3
222	312	0	3.0972032	1155.55752	1155.29944	1153.95424	1156.40244	0.453408838	96.1443997	0	100	0	0	0	3
223	314	0	3.11115456	1154.76724	1155.25402	1153.95424	1156.34276	0.498831192	96.1443997	0	100	0	0	0	3
224	315	0	3.12510593	1155.22275	1155.22468	1153.95424	1156.34276	0.528174668	96.1443997	0	100	0	0	0	3
225	316	0	3.13905729	1155.61704	1155.21443	1153.95424	1156.34276	0.535938584	96.1443997	0	100	0	0	0	3
226	318	0	3.15300866	1155.50455	1155.21769	1153.95424	1156.34276	0.519322521	96.1443997	0	100	0	0	0	3
227	319	0	3.16696003	1154.79591	1155.21588	1153.95424	1156.34276	0.519322521	96.1443997	0	100	0	0	0	3
228	320	0	3.18091139	1154.77608	1155.21941	1153.95424	1156.34276	0.519322521	96.1443997	0	100	0	0	0	3
229	322	0	3.19486276	1155.26475	1155.23828	1153.95424	1156.34276	0.519322521	96.1443997	0	100	0	0	0	3
230	323	0	3.20881412	1155.28768	1155.23847	1153.95424	1156.34276	0.519322521	96.1443997	0	100	0	0	0	3
231	325	0	3.22276549	1154.97522	1155.20965	1153.95424	1156.34276	0.52410761	96.1443997	0	100	0	0	0	3
232	326	0	3.23671685	1154.82723	1155.17151	1153.95424	1156.34276	0.56224438	96.1443997	0	100	0	0	0	3
233	327	0	3.25066822	1154.70884	1155.1316	1153.95424	1156.34276	0.602156959	96.1443997	0	100	0	0	0	3
234	329	0	3.26461959	1154.74421	1155.08958	1153.95424	1156.34276	0.644176194	96.1443997	0	100	0	0	0	3
235	330	0	3.27857095	1154.97507	1155.05159	1153.95424	1156.04657	0.682167503	96.1443997	0	100	0	0	0	3
236	331	0	3.29252232	1154.94333	1155.02094	1153.95424	1155.94333	0.712813251	96.1443997	0	100	0	0	0	3
237	333	0	3.30647368	1154.35825	1154.98632	1153.95424	1155.94333	0.740687313	96.1443997	0	100	0	0	0	3
238	334	0	3.32042505	1154.32716	1154.95955	1153.95424	1155.94333	0.738708115	96.1443997	0	100	0	0	0	3
239	335	0	3.33437641	1154.60039	1154.94898	1153.95424	1155.94333	0.712461974	96.1443997	0	100	0	0	0	3
240	337	0	3.34832778	1154.82719	1154.9479	1153.95424	1155.94333	0.660536514	96.1443997	0	100	0	0	0	3
241	338	0	3.36227915	1154.87153	1154.958	1153.95424	1155.94333	0.610996619	96.1443997	0	100	0	0	0	3
242	339	0	3.37623051	1154.83341	1154.96515	1153.95424	1155.94333	0.573327123	96.1443997	0	100	0	0	0	3
243	341	0	3.39018188	1155.01812	1154.97872	1153.95424	1155.94333	0.573327123	96.1443997	0	100	0	0	0	3
244	342	0	3.40413324	1154.8142	1154.97634	1153.95424	1155.94333	0.573327123	96.1443997	0	100	0	0	0	3
245	344	0	3.41808461	1155.07706	1154.97254	1153.95424	1155.94333	0.573327123	96.1443997	0	100	0	0	0	3
246	345	0	3.43203597	1155.12201	1154.95167	1153.95424	1155.94333	0.573327123	96.1443997	0	100	0	0	0	3
247	346	0	3.44598734	1155.20124	1154.93106	1153.95424	1155.93317	0.590164878	96.1443997	0	100	0	0	0	3
248	348	0	3.45993871	1154.89891	1154.90233	1153.95424	1155.61704	0.61889441	96.1443997	0	100	0	0	0	3
249	349	0	3.47389007	1154.82417	1154.8847	1153.95424	1155.61704	0.636525503	96.1443997	0	100	0	0	0	3
250	350	0	3.48784144	1154.48109	1154.86886	1153.95424	1155.61704	0.65235971	96.1443997	0	100	0	0	0	3
251	352	0	3.5017928	1154.34175	1154.8598	1153.95424	1155.61704	0.659059565	96.1443997	0	100	0	0	0	3
252	353	0	3.51574417	1154.39819	1154.8534	1153.95424	1155.61704	0.636056404	96.1443997	0	100	0	0	0	3
253	354	0	3.52969553	1154.45188	1154.86722	1154.06561	1155.61704	0.591528645	96.1443997	0	100	0	0	0	3
254	356	0	3.5436469	1154.47142	1154.87849	1154.32716	1155.61704	0.546348673	96.1443997	0	100	0	0	0	3
255	357	0	3.55759827	1154.4593	1154.87951	1154.32716	1155.61704	0.504799141	96.1443997	0	100	0	0	0	3
256	358	0	3.57154963	1154.90751	1154.87807	1154.32716	1155.61704	0.470710126	96.1443997	0	100	0	0	0	3
257	360	0	3.585501	1155.36649	1154.8783	1154.32716	1155.61704	0.446046004	96.1443997	0	100	0	0	0	3
258	361	0	3.59945236	1155.70075	1154.88227	1154.32716	1155.70075	0.40062365	96.1443997	0	100	0	0	0	3
259	362	0	3.61340373	1155.99485	1154.91638	1154.32716	1155.99485	0.385074329	96.1443997	0	100	0	0	0	3
260	364	0	3.6273551	1155.94145	1154.93634	1154.32716	1155.99485	0.385074329	96.1443997	0	100	0	0	0	3
261	365	0	3.64130646	1156.16522	1154.95157	1154.32716	1156.16522	0.385074329	96.1443997	0	100	0	0	0	3
262	367	0	3.65525783	1155.83418	1154.96072	1154.32716	1156.16522	0.385074329	96.1443997	0	100	0	0	0	3
263	368	0	3.66920919	1155.63209	1154.98395	1154.32716	1156.16522	0.385074329	96.1443997	0	100	0	0	0	3
264	369	0	3.68316056	1155.12582	1154.99367	1154.32716	1156.16522	0.385074329	96.1443997	0	100	0	0	0	3
265	371	0	3.69711192	1154.60179	1154.97525	1154.32716	1156.16522	0.385074329	96.1443997	0	100	0	0	0	3
266	372	0	3.71106329	1153.85748	1154.93552	1153.85748	1156.16522	0.356250561	96.1443997	0	100	0	0	0	3
267	373	0	3.72501466	1153.72381	1154.90076	1153.72381	1156.16522	0.318113791	96.1443997	0	100	0	0	0	3
268	375	0	3.73896602	1153.14797	1154.85411	1153.14797	1156.16522	0.278201212	96.1443997	0	100	0	0	0	3
269	376	0	3.75291739	1153.28334	1154.81452	1153.14797	1156.16522	0.275063616	96.1443997	0	100	0	0	0	3
270	378	0	3.76686875	1153.25099	1154.77304	1153.14797	1156.16522	0.278550439	96.1443997	0	100	0	0	0	3
271	379	0	3.78082012	1153.83742	1154.74144	1153.14797	1156.16522	0.279506001	96.1443997	0	100	0	0	0	3
272	380	0	3.79477148	1154.25972	1154.72245	1153.14797	1156.16522	0.271216483	96.1443997	0	100	0	0	0	3
273	382	0	3.80872285	1154.93007	1154.73833	1153.14797	1156.16522	0.271216483	96.1443997	0	100	0	0	0	3
274	383	0	3.82267422	1155.12095	1154.76038	1153.14797	1156.16522	0.271216483	96.1443997	0	100	0	0	0	3
275	384	0	3.83662558	1155.68007	1154.79037	1153.14797	1156.16522	0.271216483	96.1443997	0	100	0	0	0	3
276	386	0	3.85057695	1155.57087	1154.81103	1153.14797	1156.16522	0.271216483	96.1443997	0	100	0	0	0	3
277	387	0	3.86452831	1155.27532	1154.82225	1153.14797	1156.16522	0.271216483	96.1443997	0	100	0	0	0	3
278	388	0	3.87847968	1154.59232	1154.81555	1153.14797	1156.16522	0.271216483	96.1443997	0	100	0	0	0	3
279	390	0	3.89243104	1154.34642	1154.79689	1153.14797	1156.16522	0.271216483	96.1443997	0	100	0	0	0	3
280	391	0	3.90638241	1153.7141	1154.76633	1153.14797	1156.16522	0.271216483	96.1443997	0	100	0	0	0	3
281	392	0	3.92033378	1153.81121	1154.73117	1153.14797	1156.16522	0.271216483	96.1443997	0	100	0	0	0	3
282	394	0	3.93428514	1153.61052	1154.68919	1153.14797	1156.16522	0.304480051	96.1443997	0	100	0	0	0	3
283	395	0	3.94823651	1153.33463	1154.63733	1153.14797	1156.16522	0.356330242	96.1443997	0	100	0	0	0	3
284	397	0	3.96218787	1153.09594	1154.58725	1153.09594	1156.16522	0.406412648	96.1443997	0	100	0	0	0	3
285	398	0	3.97613924	1152.66902	1154.52739	1152.66902	1156.16522	0.466278035	96.1443997	0	100	0	0	0	3
286	399	0	3.9900906	1152.87098	1154.48266	1152.66902	1156.16522	0.511003316	96.1443997	0	100	0	0	0	3
287	401	0	4.00404197	1153.51192	1154.45961	1152.66902	1156.16522	0.534054141	96.1443997	0	100	0	0	0	3
