Iteration	CPUTime	PhysTime	Travels	Value	AvValue	MinValue	MaxValue	Delta	Criteria	Progress	dGMaxMin	CriteriaType	CriteriaVarType	CriteriaPercentage
1	8	0	0.0139513658	-34.6839067	-34.6839067	-34.6839067	-34.6839067	0	0	0	0	0	0	0	3
2	10	0	0.0279027315	-183.685299	-109.184603	-183.685299	-34.6839067	74.5006964	0	0	0	0	0	0	3
3	11	0	0.0418540973	-195.484688	-137.951298	-195.484688	-34.6839067	103.267391	0	0	0	0	0	0	3
4	13	0	0.055805463	-95.2001443	-127.26351	-195.484688	-34.6839067	103.267391	0	0	0	0	0	0	3
5	14	0	0.0697568288	-89.8859675	-119.788001	-195.484688	-34.6839067	103.267391	0	0	0	0	0	0	3
6	16	0	0.0837081945	-71.0070016	-111.657835	-195.484688	-34.6839067	103.267391	0	0	0	0	0	0	3
7	17	0	0.0976595603	-77.1463473	-106.727622	-195.484688	-34.6839067	103.267391	0	0	0	0	0	0	3
8	18	0	0.111610926	-80.8619232	-103.49441	-195.484688	-34.6839067	103.267391	0	0	0	0	0	0	3
9	20	0	0.125562292	-91.2637347	-102.135446	-195.484688	-34.6839067	103.267391	0	0	0	0	0	0	3
10	21	0	0.139513658	-89.0714029	-100.829042	-195.484688	-34.6839067	103.267391	0	0	0	0	0	0	3
11	22	0	0.153465023	-86.4356567	-99.520552	-195.484688	-34.6839067	103.267391	0	0	0	0	0	0	3
12	23	0	0.167416389	-90.2853061	-98.7509482	-195.484688	-34.6839067	103.267391	0	0	0	0	0	0	3
13	25	0	0.181367755	-88.5633997	-97.9672906	-195.484688	-34.6839067	103.267391	0	0	0	0	0	0	3
14	26	0	0.195319121	-89.455436	-97.359301	-195.484688	-34.6839067	103.267391	0	0	0	0	0	0	3
15	27	0	0.209270486	-83.7741813	-96.4536264	-195.484688	-34.6839067	103.267391	0	0	0	0	0	0	3
16	29	0	0.223221852	-88.8659469	-95.9793964	-195.484688	-34.6839067	103.267391	0	0	0	0	0	0	3
17	30	0	0.237173218	-85.4865257	-95.3621687	-195.484688	-34.6839067	103.267391	0	0	0	0	0	0	3
18	32	0	0.251124584	-81.433206	-94.5883375	-195.484688	-34.6839067	103.267391	0	0	0	0	0	0	3
19	33	0	0.265075949	-75.4557648	-93.5813599	-195.484688	-34.6839067	103.267391	0	0	0	0	0	0	3
20	34	0	0.279027315	-78.2433707	-92.8144605	-195.484688	-34.6839067	103.267391	0	0	0	0	0	0	3
21	36	0	0.292978681	-71.9900179	-91.8228204	-195.484688	-34.6839067	103.267391	0	0	0	0	0	0	3
22	37	0	0.306930047	-68.3850241	-90.757466	-195.484688	-34.6839067	103.267391	0	0	0	0	0	0	3
23	38	0	0.320881412	-63.5597488	-89.5749565	-195.484688	-34.6839067	103.267391	0	0	0	0	0	0	3
24	40	0	0.334832778	-59.0457396	-88.3029058	-195.484688	-34.6839067	103.267391	0	0	0	0	0	0	3
25	41	0	0.348784144	-54.3512471	-86.9448395	-195.484688	-34.6839067	103.267391	0	0	0	0	0	0	3
26	43	0	0.36273551	-55.2489155	-85.7257655	-195.484688	-34.6839067	103.267391	0	0	0	0	0	0	3
27	44	0	0.376686875	-51.4693208	-84.4570083	-195.484688	-34.6839067	103.267391	0	0	0	0	0	0	3
28	45	0	0.390638241	-50.6637626	-83.2501066	-195.484688	-34.6839067	103.267391	0	0	0	0	0	0	3
29	47	0	0.404589607	-45.621803	-81.9525789	-195.484688	-34.6839067	103.267391	0	0	0	0	0	0	3
30	48	0	0.418540973	-43.3575651	-80.6660785	-195.484688	-34.6839067	103.267391	0	0	0	0	0	0	3
31	50	0	0.432492338	-38.1657006	-79.2950985	-195.484688	-34.6839067	103.267391	0	0	0	0	0	0	3
32	51	0	0.446443704	-33.0236219	-77.8491149	-195.484688	-33.0236219	103.267391	0	0	0	0	0	0	3
33	52	0	0.46039507	-24.2486886	-76.2248596	-195.484688	-24.2486886	103.267391	0	0	0	0	0	0	3
34	54	0	0.474346436	-17.6030168	-74.5006877	-195.484688	-17.6030168	103.267391	0	0	0	0	0	0	3
35	55	0	0.488297801	-10.7028884	-72.6778934	-195.484688	-10.7028884	103.267391	0	0	0	0	0	0	3
36	57	0	0.502249167	-8.20211332	-70.8868995	-195.484688	-8.20211332	103.267391	0	0	0	0	0	0	3
37	58	0	0.516200533	-6.65530115	-70.1083272	-195.484688	-6.65530115	67.8429709	0	0	0	0	0	0	3
38	60	0	0.530151899	-9.41809257	-65.2675714	-195.484688	-6.65530115	72.6837266	0	0	0	0	0	0	3
39	61	0	0.544103264	-14.5366234	-60.2412363	-95.2001443	-6.65530115	67.0222733	0	0	0	0	0	0	3
40	63	0	0.55805463	-22.5219347	-58.2223971	-91.2637347	-6.65530115	61.5656041	0	0	0	0	0	0	3
41	64	0	0.572005996	-27.8758994	-56.4998952	-91.2637347	-6.65530115	55.1579393	0	0	0	0	0	0	3
42	65	0	0.585957362	-31.736102	-55.4090369	-91.2637347	-6.65530115	51.3185852	0	0	0	0	0	0	3
43	67	0	0.599908727	-33.0500343	-54.1841393	-91.2637347	-6.65530115	49.3102704	0	0	0	0	0	0	3
44	68	0	0.613860093	-32.6790907	-52.8457273	-91.2637347	-6.65530115	49.2897185	0	0	0	0	0	0	3
45	70	0	0.627811459	-29.9507039	-51.1425876	-90.2853061	-6.65530115	49.686454	0	0	0	0	0	0	3
46	71	0	0.641762825	-28.0489769	-49.4475202	-90.2853061	-6.65530115	50.0730319	0	0	0	0	0	0	3
47	72	0	0.65571419	-25.3157147	-47.749744	-90.2853061	-6.65530115	51.0012042	0	0	0	0	0	0	3
48	74	0	0.669665556	-23.641652	-45.8985314	-89.455436	-6.65530115	52.0687592	0	0	0	0	0	0	3
49	75	0	0.683616922	-21.8173212	-44.0444737	-89.455436	-6.65530115	53.3148273	0	0	0	0	0	0	3
50	77	0	0.697568288	-21.3358306	-42.1522624	-88.8659469	-6.65530115	54.301364	0	0	0	0	0	0	3
51	78	0	0.711519653	-20.6083247	-40.3976553	-88.8659469	-6.65530115	55.5817411	0	0	0	0	0	0	3
52	79	0	0.725471019	-20.761428	-38.5058631	-85.4865257	-6.65530115	56.8563056	0	0	0	0	0	0	3
53	81	0	0.739422385	-20.3141944	-36.6955206	-81.433206	-6.65530115	57.8928169	0	0	0	0	0	0	3
54	82	0	0.753373751	-21.3164363	-35.0256103	-78.2433707	-6.65530115	58.5557497	0	0	0	0	0	0	3
55	83	0	0.767325116	-21.8076577	-33.5353851	-78.2433707	-6.65530115	59.2790754	0	0	0	0	0	0	3
56	85	0	0.781276482	-22.6412904	-31.9908829	-71.9900179	-6.65530115	59.8319375	0	0	0	0	0	0	3
57	86	0	0.795227848	-22.6835404	-30.6212585	-68.3850241	-6.65530115	60.1362075	0	0	0	0	0	0	3
58	88	0	0.809179214	-23.3405218	-29.3700223	-63.5597488	-6.65530115	56.9044477	0	0	0	0	0	0	3
59	89	0	0.823130579	-24.1759213	-28.2760271	-59.0457396	-6.65530115	52.3904384	0	0	0	0	0	0	3
60	90	0	0.837081945	-25.0202049	-27.3308734	-55.2489155	-6.65530115	48.5936144	0	0	0	0	0	0	3
61	92	0	0.851033311	-24.9177245	-26.5132755	-55.2489155	-6.65530115	48.5936144	0	0	0	0	0	0	3
62	93	0	0.864984677	-25.4462324	-25.6854232	-51.4693208	-6.65530115	44.8140197	0	0	0	0	0	0	3
63	95	0	0.878936042	-25.2477244	-24.9570455	-50.6637626	-6.65530115	44.0084614	0	0	0	0	0	0	3
64	96	0	0.892887408	-26.1379529	-24.275773	-45.621803	-6.65530115	38.9665018	0	0	0	0	0	0	3
65	97	0	0.906838774	-25.2683086	-23.7103982	-43.3575651	-6.65530115	36.702264	0	0	0	0	0	0	3
66	99	0	0.92079014	-25.5210146	-23.2149385	-38.1657006	-6.65530115	31.5103994	0	0	0	0	0	0	3
67	100	0	0.934741505	-25.1363853	-22.853013	-33.0500343	-6.65530115	26.3947331	0	0	0	0	0	0	3
68	101	0	0.948692871	-25.8541265	-22.6538604	-33.0500343	-6.65530115	26.3947331	0	0	0	0	0	0	3
69	103	0	0.962644237	-25.9193567	-22.7002678	-33.0500343	-6.65530115	26.3947331	0	0	0	0	0	0	3
70	104	0	0.976595603	-26.7125388	-22.9533101	-33.0500343	-6.65530115	26.3947331	0	0	0	0	0	0	3
71	106	0	0.990546968	-26.1899449	-23.3835061	-33.0500343	-6.65530115	26.3947331	0	0	0	0	0	0	3
72	107	0	1.00449833	-26.8317377	-23.9009957	-33.0500343	-6.65530115	26.3947331	5.66488161	0	21.4	0	0	0	3
73	108	0	1.0184497	-26.6219421	-24.4556246	-33.0500343	-9.41809257	23.6319417	5.66488161	0	23.9	0	0	0	3
74	110	0	1.03240107	-26.9265646	-24.941971	-33.0500343	-14.5366234	18.5134109	5.66488161	0	30.5	0	0	0	3
75	111	0	1.04635243	-26.8378111	-25.2836707	-33.0500343	-20.3141944	12.7358399	5.66488161	0	44.4	0	0	0	3
76	112	0	1.0603038	-27.3004503	-25.4164072	-33.0500343	-20.3141944	12.7358399	5.66488161	0	44.4	0	0	0	3
77	114	0	1.07425516	-27.1584197	-25.3964773	-33.0500343	-20.3141944	12.7358399	5.66488161	0	44.4	0	0	0	3
78	115	0	1.08820653	-27.9008623	-25.2899428	-33.0500343	-20.3141944	12.7358399	5.66488161	0	44.4	0	0	0	3
79	117	0	1.10215789	-27.0562064	-25.1234476	-32.6790907	-20.3141944	12.3648963	5.66488161	0	45.8	0	0	0	3
80	118	0	1.11610926	-27.0530899	-24.9671698	-29.9507039	-20.3141944	9.63650955	5.66488161	0	58.7	0	0	0	3
81	119	0	1.13006063	-26.3359525	-24.86676	-28.0489769	-20.3141944	7.73478249	5.66488161	0	73.2	0	0	0	3
82	121	0	1.14401199	-25.915962	-24.8075096	-27.9008623	-20.3141944	7.58666789	5.66488161	0	74.6	0	0	0	3
83	122	0	1.15796336	-25.5681941	-24.8145229	-27.9008623	-20.3141944	7.58666789	5.66488161	0	74.6	0	0	0	3
84	123	0	1.17191472	-25.5467576	-24.8674425	-27.9008623	-20.3141944	7.58666789	5.66488161	0	74.6	0	0	0	3
85	125	0	1.18586609	-24.7181574	-24.9480213	-27.9008623	-20.3141944	7.58666789	5.66488161	0	74.6	0	0	0	3
86	126	0	1.19981745	-24.9470317	-25.0483325	-27.9008623	-20.3141944	7.58666789	5.66488161	0	74.6	0	0	0	3
87	128	0	1.21376882	-24.7398103	-25.163096	-27.9008623	-20.3141944	7.58666789	5.66488161	0	74.6	0	0	0	3
88	129	0	1.22772019	-25.3039602	-25.2892774	-27.9008623	-20.3141944	7.58666789	5.66488161	0	74.6	0	0	0	3
89	130	0	1.24167155	-24.7766801	-25.4132353	-27.9008623	-21.3164363	6.58442599	5.66488161	0	86	0	0	0	3
90	132	0	1.25562292	-25.4460494	-25.5279468	-27.9008623	-21.8076577	6.09320458	5.66488161	0	92.9	0	0	0	3
91	133	0	1.26957428	-24.8890602	-25.6135413	-27.9008623	-22.6412904	5.2595719	5.66488161	0	100	0	0	0	3
92	134	0	1.28352565	-25.5495821	-25.6943272	-27.9008623	-22.6835404	5.21732181	5.66488161	0	100	0	0	0	3
93	136	0	1.29747701	-25.0474562	-25.7599915	-27.9008623	-23.3405218	4.56034046	5.66488161	0	100	0	0	0	3
94	137	0	1.31142838	-26.0205903	-25.8344379	-27.9008623	-24.1759213	3.72494091	5.66488161	0	100	0	0	0	3
95	138	0	1.32537975	-25.0300534	-25.8581638	-27.9008623	-24.7181574	3.18270482	5.66488161	0	100	0	0	0	3
96	140	0	1.33933111	-25.7174331	-25.8775312	-27.9008623	-24.7181574	3.18270482	5.66488161	0	100	0	0	0	3
97	141	0	1.35328248	-25.0638513	-25.8815903	-27.9008623	-24.7181574	3.18270482	5.66488161	0	100	0	0	0	3
98	143	0	1.36723384	-25.8736569	-25.8934632	-27.9008623	-24.7181574	3.18270482	5.66488161	0	100	0	0	0	3
99	144	0	1.38118521	-25.3266163	-25.8956546	-27.9008623	-24.7181574	3.18270482	5.66488161	0	100	0	0	0	3
100	145	0	1.39513658	-25.8940869	-25.8888806	-27.9008623	-24.7181574	3.18270482	5.66488161	0	100	0	0	0	3
101	147	0	1.40908794	-25.352222	-25.8912115	-27.9008623	-24.7181574	3.18270482	5.66488161	0	100	0	0	0	3
102	148	0	1.42303931	-26.025873	-25.9052354	-27.9008623	-24.7181574	3.18270482	5.66488161	0	100	0	0	0	3
103	150	0	1.43699067	-25.5920184	-25.9178918	-27.9008623	-24.7181574	3.18270482	5.66488161	0	100	0	0	0	3
104	151	0	1.45094204	-26.121046	-25.9253063	-27.9008623	-24.7181574	3.18270482	5.66488161	0	100	0	0	0	3
105	153	0	1.4648934	-25.6542954	-25.9179435	-27.9008623	-24.7181574	2.97199617	5.66488161	0	100	0	0	0	3
106	154	0	1.47884477	-26.5168287	-25.9125071	-27.9008623	-24.7181574	2.54180015	5.66488161	0	100	0	0	0	3
107	155	0	1.49279614	-26.1673335	-25.911879	-27.9008623	-24.7181574	2.02431059	5.66488161	0	100	0	0	0	3
108	157	0	1.5067475	-26.5461165	-25.903945	-27.9008623	-24.7181574	1.46968167	5.66488161	0	100	0	0	0	3
109	158	0	1.52069887	-25.5249104	-25.8734719	-27.9008623	-24.7181574	1.11779665	5.66488161	0	100	0	0	0	3
110	160	0	1.53465023	-26.2555643	-25.8548331	-27.9008623	-24.7181574	1.11779665	5.66488161	0	100	0	0	0	3
111	161	0	1.5486016	-25.306451	-25.8122953	-27.9008623	-24.7181574	1.11779665	5.66488161	0	100	0	0	0	3
112	162	0	1.56255296	-25.6021835	-25.7651212	-27.9008623	-24.7181574	1.11779665	5.66488161	0	100	0	0	0	3
113	164	0	1.57650433	-24.6561944	-25.6956149	-27.9008623	-24.6561944	1.11779665	5.66488161	0	100	0	0	0	3
114	165	0	1.5904557	-25.5968272	-25.631614	-27.0562064	-24.6561944	1.11779665	5.66488161	0	100	0	0	0	3
115	166	0	1.60440706	-24.8197846	-25.5694911	-27.0530899	-24.6561944	1.11779665	5.66488161	0	100	0	0	0	3
116	168	0	1.61835843	-25.5932165	-25.5289391	-26.5461165	-24.6561944	1.11779665	5.66488161	0	100	0	0	0	3
117	169	0	1.63230979	-25.0681271	-25.4937217	-26.5461165	-24.6561944	1.11779665	5.66488161	0	100	0	0	0	3
118	170	0	1.64626116	-25.7194754	-25.4882638	-26.5461165	-24.6561944	1.11078333	5.66488161	0	100	0	0	0	3
119	172	0	1.66021252	-25.1708345	-25.477226	-26.5461165	-24.6561944	1.05786373	5.66488161	0	100	0	0	0	3
120	173	0	1.67416389	-25.7123333	-25.4818253	-26.5461165	-24.6561944	0.977284946	5.66488161	0	100	0	0	0	3
121	174	0	1.68811526	-25.1374201	-25.4934715	-26.5461165	-24.6561944	0.876973806	5.66488161	0	100	0	0	0	3
122	176	0	1.70206662	-25.7461184	-25.5156684	-26.5461165	-24.6561944	0.762210317	5.66488161	0	100	0	0	0	3
123	177	0	1.71601799	-25.2137186	-25.5288325	-26.5461165	-24.6561944	0.636028867	5.66488161	0	100	0	0	0	3
124	178	0	1.72996935	-25.5100908	-25.5345583	-26.5461165	-24.6561944	0.51207093	5.66488161	0	100	0	0	0	3
125	180	0	1.74392072	-24.7343313	-25.533382	-26.5461165	-24.6561944	0.448080272	5.66488161	0	100	0	0	0	3
126	181	0	1.75787208	-25.5988599	-25.5376267	-26.5461165	-24.6561944	0.448080272	5.66488161	0	100	0	0	0	3
127	183	0	1.77182345	-24.752667	-25.533838	-26.5461165	-24.6561944	0.448080272	5.66488161	0	100	0	0	0	3
128	184	0	1.78577482	-25.4074342	-25.5298895	-26.5461165	-24.6561944	0.448080272	5.66488161	0	100	0	0	0	3
129	185	0	1.79972618	-24.5205065	-25.515252	-26.5461165	-24.5205065	0.448080272	5.66488161	0	100	0	0	0	3
130	187	0	1.81367755	-25.2440264	-25.4936807	-26.5461165	-24.5205065	0.448080272	5.66488161	0	100	0	0	0	3
131	188	0	1.82762891	-25.0083882	-25.4930789	-26.5461165	-24.5205065	0.448080272	5.66488161	0	100	0	0	0	3
132	189	0	1.84158028	-25.4928142	-25.4868395	-26.5461165	-24.5205065	0.448080272	5.66488161	0	100	0	0	0	3
133	191	0	1.85553164	-25.1073718	-25.4880484	-26.5461165	-24.5205065	0.448080272	5.66488161	0	100	0	0	0	3
134	192	0	1.86948301	-25.4599035	-25.4765553	-26.5461165	-24.5205065	0.448750996	5.66488161	0	100	0	0	0	3
135	193	0	1.88343438	-24.9718097	-25.4666995	-26.5461165	-24.5205065	0.458606734	5.66488161	0	100	0	0	0	3
136	195	0	1.89738574	-25.4062645	-25.4531489	-26.5461165	-24.5205065	0.472157356	5.66488161	0	100	0	0	0	3
137	196	0	1.91133711	-25.3527726	-25.4531642	-26.5461165	-24.5205065	0.472157356	5.66488161	0	100	0	0	0	3
138	197	0	1.92528847	-26.5346483	-25.4672969	-26.5461165	-24.5205065	0.472157356	5.66488161	0	100	0	0	0	3
139	199	0	1.93923984	-25.6362955	-25.4685268	-26.5461165	-24.5205065	0.472157356	5.66488161	0	100	0	0	0	3
140	200	0	1.95319121	-26.2825664	-25.4730135	-26.5461165	-24.5205065	0.464794541	5.66488161	0	100	0	0	0	3
141	201	0	1.96714257	-25.7891506	-25.4767594	-26.5461165	-24.5205065	0.459358151	5.66488161	0	100	0	0	0	3
142	203	0	1.98109394	-25.5930458	-25.4510988	-26.5461165	-24.5205065	0.460780172	5.66488161	0	100	0	0	0	3
143	204	0	1.9950453	-25.3727996	-25.4290284	-26.5461165	-24.5205065	0.474916638	5.66488161	0	100	0	0	0	3
144	206	0	2.00899667	-25.7863278	-25.4079232	-26.5346483	-24.5205065	0.465548777	5.66488161	0	100	0	0	0	3
145	207	0	2.02294803	-25.3596082	-25.4033314	-26.5346483	-24.5205065	0.451501609	5.66488161	0	100	0	0	0	3
146	208	0	2.0368994	-25.4834243	-25.3818831	-26.5346483	-24.5205065	0.430412162	5.66488161	0	100	0	0	0	3
147	210	0	2.05085077	-25.4446256	-25.3857213	-26.5346483	-24.5205065	0.383238085	5.66488161	0	100	0	0	0	3
148	211	0	2.06480213	-25.934306	-25.3949469	-26.5346483	-24.5205065	0.313731826	5.66488161	0	100	0	0	0	3
149	212	0	2.0787535	-25.5978984	-25.4211054	-26.5346483	-24.5205065	0.249730854	5.66488161	0	100	0	0	0	3
150	214	0	2.09270486	-26.4080709	-25.4436399	-26.5346483	-24.5205065	0.187608027	5.66488161	0	100	0	0	0	3
151	215	0	2.10665623	-25.6801492	-25.4675389	-26.5346483	-24.5205065	0.155743603	5.66488161	0	100	0	0	0	3
152	216	0	2.12060759	-26.3125045	-25.4875191	-26.5346483	-24.5205065	0.155743603	5.66488161	0	100	0	0	0	3
153	218	0	2.13455896	-25.5393793	-25.5006095	-26.5346483	-24.5205065	0.155743603	5.66488161	0	100	0	0	0	3
154	219	0	2.14851033	-25.8323309	-25.5037444	-26.5346483	-24.5205065	0.155743603	5.66488161	0	100	0	0	0	3
155	220	0	2.16246169	-25.2043627	-25.5046757	-26.5346483	-24.5205065	0.155743603	5.66488161	0	100	0	0	0	3
156	222	0	2.17641306	-25.453338	-25.4974814	-26.5346483	-24.5205065	0.155743603	5.66488161	0	100	0	0	0	3
157	223	0	2.19036442	-24.8407585	-25.4892408	-26.5346483	-24.5205065	0.155743603	5.66488161	0	100	0	0	0	3
158	224	0	2.20431579	-25.235095	-25.4750457	-26.5346483	-24.5205065	0.155743603	5.66488161	0	100	0	0	0	3
159	226	0	2.21826715	-24.6158387	-25.4584379	-26.5346483	-24.5205065	0.155743603	5.66488161	0	100	0	0	0	3
160	227	0	2.23221852	-24.7915635	-25.4384788	-26.5346483	-24.5205065	0.155743603	5.66488161	0	100	0	0	0	3
161	229	0	2.24616989	-24.1407312	-25.4219899	-26.5346483	-24.1407312	0.155743603	5.66488161	0	100	0	0	0	3
162	230	0	2.26012125	-24.9176485	-25.4030674	-26.5346483	-24.1407312	0.151954903	5.66488161	0	100	0	0	0	3
163	231	0	2.27407262	-24.482196	-25.3955543	-26.5346483	-24.1407312	0.14800635	5.66488161	0	100	0	0	0	3
164	233	0	2.28802398	-25.0044884	-25.3843614	-26.5346483	-24.1407312	0.133368859	5.66488161	0	100	0	0	0	3
165	234	0	2.30197535	-25.1952934	-25.4031055	-26.5346483	-24.1407312	0.122792591	5.66488161	0	100	0	0	0	3
166	235	0	2.31592671	-25.5969558	-25.412909	-26.5346483	-24.1407312	0.122792591	5.66488161	0	100	0	0	0	3
167	237	0	2.32987808	-25.6316228	-25.4302211	-26.5346483	-24.1407312	0.122792591	5.66488161	0	100	0	0	0	3
168	238	0	2.34382945	-25.5569797	-25.4320035	-26.5346483	-24.1407312	0.122792591	5.66488161	0	100	0	0	0	3
169	239	0	2.35778081	-25.3604446	-25.4390333	-26.5346483	-24.1407312	0.122792591	5.66488161	0	100	0	0	0	3
170	241	0	2.37173218	-24.96876	-25.4253904	-26.5346483	-24.1407312	0.122792591	5.66488161	0	100	0	0	0	3
171	242	0	2.38568354	-25.2966812	-25.4344146	-26.5346483	-24.1407312	0.122792591	5.66488161	0	100	0	0	0	3
172	243	0	2.39963491	-25.130614	-25.4267577	-26.5346483	-24.1407312	0.122792591	5.66488161	0	100	0	0	0	3
173	245	0	2.41358627	-25.0496798	-25.4183384	-26.5346483	-24.1407312	0.122792591	5.66488161	0	100	0	0	0	3
174	246	0	2.42753764	-24.9889395	-25.3754021	-26.4080709	-24.1407312	0.129273631	5.66488161	0	100	0	0	0	3
175	248	0	2.44148901	-25.0320122	-25.3586164	-26.4080709	-24.1407312	0.146059277	5.66488161	0	100	0	0	0	3
176	249	0	2.45544037	-24.9862847	-25.3226086	-26.4080709	-24.1407312	0.182067105	5.66488161	0	100	0	0	0	3
177	250	0	2.46939174	-24.6843233	-25.2919189	-26.4080709	-24.1407312	0.212756754	5.66488161	0	100	0	0	0	3
178	252	0	2.4833431	-25.0565594	-25.2770165	-26.4080709	-24.1407312	0.227659154	5.66488161	0	100	0	0	0	3
179	253	0	2.49729447	-24.9955475	-25.2665373	-26.4080709	-24.1407312	0.23813838	5.66488161	0	100	0	0	0	3
180	254	0	2.51124584	-25.2894695	-25.2527357	-26.4080709	-24.1407312	0.251939998	5.66488161	0	100	0	0	0	3
181	256	0	2.5251972	-24.924239	-25.2406421	-26.4080709	-24.1407312	0.264033588	5.66488161	0	100	0	0	0	3
182	257	0	2.53914857	-25.4257831	-25.239041	-26.4080709	-24.1407312	0.265634731	5.66488161	0	100	0	0	0	3
183	258	0	2.55309993	-25.1402799	-25.2305869	-26.4080709	-24.1407312	0.274088778	5.66488161	0	100	0	0	0	3
184	260	0	2.5670513	-25.3572842	-25.2145585	-26.4080709	-24.1407312	0.290117162	5.66488161	0	100	0	0	0	3
185	261	0	2.58100266	-25.0834512	-25.2002683	-26.4080709	-24.1407312	0.304407364	5.66488161	0	100	0	0	0	3
186	263	0	2.59495403	-25.416924	-25.1727365	-26.3125045	-24.1407312	0.331939223	5.66488161	0	100	0	0	0	3
187	264	0	2.6089054	-24.7505786	-25.1469151	-26.3125045	-24.1407312	0.357760627	5.66488161	0	100	0	0	0	3
188	265	0	2.62285676	-25.0579922	-25.1120675	-25.8323309	-24.1407312	0.392608192	5.66488161	0	100	0	0	0	3
189	267	0	2.63680813	-24.7744549	-25.0908196	-25.8323309	-24.1407312	0.413856093	5.66488161	0	100	0	0	0	3
190	268	0	2.65075949	-24.8042741	-25.0622625	-25.6316228	-24.1407312	0.442413226	5.66488161	0	100	0	0	0	3
191	269	0	2.66471086	-24.5859742	-25.045085	-25.6316228	-24.1407312	0.45239637	5.66488161	0	100	0	0	0	3
192	271	0	2.67866222	-25.0044439	-25.0326157	-25.6316228	-24.1407312	0.456625047	5.66488161	0	100	0	0	0	3
193	272	0	2.69261359	-24.4514256	-25.0218009	-25.6316228	-24.1407312	0.453244757	5.66488161	0	100	0	0	0	3
194	274	0	2.70656496	-24.6766442	-25.0062884	-25.6316228	-24.1407312	0.452149503	5.66488161	0	100	0	0	0	3
195	275	0	2.72051632	-24.4029371	-25.0003745	-25.6316228	-24.1407312	0.438658819	5.66488161	0	100	0	0	0	3
196	276	0	2.73446769	-24.8942349	-25.0032265	-25.6316228	-24.1407312	0.438658819	5.66488161	0	100	0	0	0	3
197	278	0	2.74841905	-24.5633025	-25.0149645	-25.6316228	-24.4029371	0.438658819	5.66488161	0	100	0	0	0	3
198	279	0	2.76237042	-25.3168292	-25.0260529	-25.6316228	-24.4029371	0.438658819	5.66488161	0	100	0	0	0	3
199	280	0	2.77632178	-25.3790856	-25.0509665	-25.6316228	-24.4029371	0.438658819	5.66488161	0	100	0	0	0	3
200	282	0	2.79027315	-25.2562427	-25.0579597	-25.6316228	-24.4029371	0.438658819	5.66488161	0	100	0	0	0	3
201	283	0	2.80422452	-25.1860903	-25.057704	-25.6316228	-24.4029371	0.438658819	5.66488161	0	100	0	0	0	3
202	285	0	2.81817588	-25.2048355	-25.0468118	-25.6316228	-24.4029371	0.438658819	5.66488161	0	100	0	0	0	3
203	286	0	2.83212725	-25.4928282	-25.0429564	-25.5569797	-24.4029371	0.438658819	5.66488161	0	100	0	0	0	3
204	288	0	2.84607861	-25.8110759	-25.0500146	-25.8110759	-24.4029371	0.438658819	5.66488161	0	100	0	0	0	3
205	289	0	2.86002998	-25.4246723	-25.0517987	-25.8110759	-24.4029371	0.434040152	5.66488161	0	100	0	0	0	3
206	290	0	2.87398134	-25.6014485	-25.0693734	-25.8110759	-24.4029371	0.434040152	5.66488161	0	100	0	0	0	3
207	292	0	2.88793271	-25.6149105	-25.0782131	-25.8110759	-24.4029371	0.426383195	5.66488161	0	100	0	0	0	3
208	293	0	2.90188408	-25.6825407	-25.0935444	-25.8110759	-24.4029371	0.41796395	5.66488161	0	100	0	0	0	3
209	294	0	2.91583544	-25.4919906	-25.1058308	-25.8110759	-24.4029371	0.375027592	5.66488161	0	100	0	0	0	3
210	296	0	2.92978681	-25.6539624	-25.1243037	-25.8110759	-24.4029371	0.358241945	5.66488161	0	100	0	0	0	3
211	297	0	2.94373817	-25.4216172	-25.135126	-25.8110759	-24.4029371	0.322234118	5.66488161	0	100	0	0	0	3
212	299	0	2.95768954	-25.4586695	-25.1482478	-25.8110759	-24.4029371	0.291544469	5.66488161	0	100	0	0	0	3
213	300	0	2.9716409	-25.259562	-25.1642267	-25.8110759	-24.4029371	0.276642068	5.66488161	0	100	0	0	0	3
214	301	0	2.98559227	-25.237222	-25.1692451	-25.8110759	-24.4029371	0.266162843	5.66488161	0	100	0	0	0	3
215	303	0	2.99954364	-25.3890774	-25.1801765	-25.8110759	-24.4029371	0.252361225	5.66488161	0	100	0	0	0	3
216	304	0	3.013495	-25.5363829	-25.1870352	-25.8110759	-24.4029371	0.240267635	5.66488161	0	100	0	0	0	3
217	305	0	3.02744637	-24.9818606	-25.1886358	-25.8110759	-24.4029371	0.238666491	5.66488161	0	100	0	0	0	3
218	307	0	3.04139773	-26.1128045	-25.2077197	-26.1128045	-24.4029371	0.230212445	5.66488161	0	100	0	0	0	3
219	308	0	3.0553491	-25.9262842	-25.2295532	-26.1128045	-24.4029371	0.229178695	5.66488161	0	100	0	0	0	3
220	310	0	3.06930047	-25.7134933	-25.2394479	-26.1128045	-24.4029371	0.239073394	5.66488161	0	100	0	0	0	3
221	311	0	3.08325183	-25.5631989	-25.2527742	-26.1128045	-24.4029371	0.252399721	5.66488161	0	100	0	0	0	3
222	312	0	3.0972032	-25.5299317	-25.2559133	-26.1128045	-24.4029371	0.255538823	5.66488161	0	100	0	0	0	3
223	314	0	3.11115456	-25.1849457	-25.2679791	-26.1128045	-24.4029371	0.267604575	5.66488161	0	100	0	0	0	3
224	315	0	3.12510593	-25.465071	-25.2792868	-26.1128045	-24.4029371	0.27891232	5.66488161	0	100	0	0	0	3
225	316	0	3.13905729	-25.2341019	-25.2920548	-26.1128045	-24.4029371	0.291680295	5.66488161	0	100	0	0	0	3
226	318	0	3.15300866	-26.0857223	-25.3276506	-26.1128045	-24.4029371	0.327276079	5.66488161	0	100	0	0	0	3
227	319	0	3.16696003	-25.7119807	-25.3589285	-26.1128045	-24.4029371	0.358554036	5.66488161	0	100	0	0	0	3
228	320	0	3.18091139	-26.3079455	-25.3951369	-26.3079455	-24.4029371	0.394762414	5.66488161	0	100	0	0	0	3
229	322	0	3.19486276	-26.2299334	-25.4445399	-26.3079455	-24.4029371	0.44416541	5.66488161	0	100	0	0	0	3
230	323	0	3.20881412	-26.3679895	-25.4915217	-26.3679895	-24.4029371	0.491147223	5.66488161	0	100	0	0	0	3
231	325	0	3.22276549	-25.8808336	-25.5325744	-26.3679895	-24.5633025	0.529347923	5.66488161	0	100	0	0	0	3
232	326	0	3.23671685	-26.5225064	-25.5778041	-26.5225064	-24.5633025	0.562839599	5.66488161	0	100	0	0	0	3
233	327	0	3.25066822	-25.9595454	-25.6165887	-26.5225064	-24.9818606	0.590535774	5.66488161	0	100	0	0	0	3
234	329	0	3.26461959	-26.4235681	-25.6473314	-26.5225064	-24.9818606	0.604375025	5.66488161	0	100	0	0	0	3
235	330	0	3.27857095	-26.0284884	-25.6653704	-26.5225064	-24.9818606	0.622413993	5.66488161	0	100	0	0	0	3
236	331	0	3.29252232	-25.9069723	-25.6834462	-26.5225064	-24.9818606	0.640489816	5.66488161	0	100	0	0	0	3
237	333	0	3.30647368	-25.412116	-25.6897247	-26.5225064	-24.9818606	0.646768307	5.66488161	0	100	0	0	0	3
238	334	0	3.32042505	-26.1376305	-25.7156357	-26.5225064	-24.9818606	0.672679279	5.66488161	0	100	0	0	0	3
239	335	0	3.33437641	-26.1845739	-25.7348508	-26.5225064	-24.9818606	0.684836207	5.66488161	0	100	0	0	0	3
240	337	0	3.34832778	-26.7288312	-25.760344	-26.7288312	-24.9818606	0.708545308	5.66488161	0	100	0	0	0	3
241	338	0	3.36227915	-26.0140693	-25.7767162	-26.7288312	-24.9818606	0.707342765	5.66488161	0	100	0	0	0	3
242	339	0	3.37623051	-26.0124221	-25.7881321	-26.7288312	-24.9818606	0.709918995	5.66488161	0	100	0	0	0	3
243	341	0	3.39018188	-25.7297698	-25.7913226	-26.7288312	-24.9818606	0.697778234	5.66488161	0	100	0	0	0	3
244	342	0	3.40413324	-25.9693937	-25.7992908	-26.7288312	-24.9818606	0.693459961	5.66488161	0	100	0	0	0	3
245	344	0	3.41808461	-25.7436376	-25.806281	-26.7288312	-24.9818606	0.681977297	5.66488161	0	100	0	0	0	3
246	345	0	3.43203597	-26.0962799	-25.8185676	-26.7288312	-24.9818606	0.683441534	5.66488161	0	100	0	0	0	3
247	346	0	3.44598734	-25.6214816	-25.8241194	-26.7288312	-24.9818606	0.675871522	5.66488161	0	100	0	0	0	3
248	348	0	3.45993871	-25.693643	-25.8306464	-26.7288312	-24.9818606	0.66641971	5.66488161	0	100	0	0	0	3
249	349	0	3.47389007	-25.333911	-25.8327117	-26.7288312	-24.9818606	0.663466553	5.66488161	0	100	0	0	0	3
250	350	0	3.48784144	-25.6726464	-25.8448068	-26.7288312	-24.9818606	0.664630286	5.66488161	0	100	0	0	0	3
251	352	0	3.5017928	-25.0945666	-25.8366259	-26.7288312	-24.9818606	0.65777158	5.66488161	0	100	0	0	0	3
252	353	0	3.51574417	-25.6571713	-25.8399812	-26.7288312	-24.9818606	0.656170981	5.66488161	0	100	0	0	0	3
253	354	0	3.52969553	-25.4697862	-25.8535346	-26.7288312	-25.0945666	0.645814925	5.66488161	0	100	0	0	0	3
254	356	0	3.5436469	-25.929355	-25.8484388	-26.7288312	-25.0945666	0.623981471	5.66488161	0	100	0	0	0	3
255	357	0	3.55759827	-25.1264901	-25.8262223	-26.7288312	-25.0945666	0.614086773	5.66488161	0	100	0	0	0	3
256	358	0	3.57154963	-25.1415237	-25.8103343	-26.7288312	-25.0945666	0.600760446	5.66488161	0	100	0	0	0	3
257	360	0	3.585501	-25.0304092	-25.7955346	-26.7288312	-25.0304092	0.597621344	5.66488161	0	100	0	0	0	3
258	361	0	3.59945236	-25.4206482	-25.7924989	-26.7288312	-25.0304092	0.585555591	5.66488161	0	100	0	0	0	3
259	362	0	3.61340373	-24.8161326	-25.7822541	-26.7288312	-24.8161326	0.574247846	5.66488161	0	100	0	0	0	3
260	364	0	3.6273551	-25.1231262	-25.7727556	-26.7288312	-24.8161326	0.561479872	5.66488161	0	100	0	0	0	3
261	365	0	3.64130646	-24.7397781	-25.7590244	-26.7288312	-24.7397781	0.525884088	5.66488161	0	100	0	0	0	3
262	367	0	3.65525783	-24.8588137	-25.7249436	-26.7288312	-24.7397781	0.494606131	5.66488161	0	100	0	0	0	3
263	368	0	3.66920919	-24.4023782	-25.6885658	-26.7288312	-24.4023782	0.458397752	5.66488161	0	100	0	0	0	3
264	369	0	3.68316056	-25.1794101	-25.6572176	-26.7288312	-24.4023782	0.408994757	5.66488161	0	100	0	0	0	3
265	371	0	3.69711192	-24.503083	-25.6092495	-26.7288312	-24.4023782	0.362012943	5.66488161	0	100	0	0	0	3
266	372	0	3.71106329	-25.1153805	-25.5744548	-26.7288312	-24.4023782	0.320960261	5.66488161	0	100	0	0	0	3
267	373	0	3.72501466	-24.9012589	-25.5472444	-26.7288312	-24.4023782	0.306290248	5.66488161	0	100	0	0	0	3
268	375	0	3.73896602	-25.3340988	-25.5142331	-26.7288312	-24.4023782	0.339301569	5.66488161	0	100	0	0	0	3
269	376	0	3.75291739	-24.8996322	-25.484791	-26.7288312	-24.4023782	0.368743604	5.66488161	0	100	0	0	0	3
270	378	0	3.76686875	-25.4718449	-25.4583543	-26.7288312	-24.4023782	0.395180359	5.66488161	0	100	0	0	0	3
271	379	0	3.78082012	-24.9634302	-25.4287693	-26.7288312	-24.4023782	0.424765308	5.66488161	0	100	0	0	0	3
272	380	0	3.79477148	-25.6257473	-25.4209575	-26.7288312	-24.4023782	0.432577113	5.66488161	0	100	0	0	0	3
273	382	0	3.80872285	-25.4120062	-25.4209545	-26.7288312	-24.4023782	0.432580161	5.66488161	0	100	0	0	0	3
274	383	0	3.82267422	-26.0469042	-25.4184343	-26.7288312	-24.4023782	0.435100334	5.66488161	0	100	0	0	0	3
275	384	0	3.83662558	-25.5863235	-25.4018162	-26.7288312	-24.4023782	0.451718401	5.66488161	0	100	0	0	0	3
276	386	0	3.85057695	-26.211435	-25.3874441	-26.211435	-24.4023782	0.46609052	5.66488161	0	100	0	0	0	3
277	387	0	3.86452831	-25.588599	-25.3756255	-26.211435	-24.4023782	0.477909139	5.66488161	0	100	0	0	0	3
278	388	0	3.87847968	-26.3565555	-25.3851848	-26.3565555	-24.4023782	0.477909139	5.66488161	0	100	0	0	0	3
279	390	0	3.89243104	-26.0654547	-25.3945093	-26.3565555	-24.4023782	0.477909139	5.66488161	0	100	0	0	0	3
280	391	0	3.90638241	-26.3366528	-25.404711	-26.3565555	-24.4023782	0.477909139	5.66488161	0	100	0	0	0	3
281	392	0	3.92033378	-26.1793181	-25.4168132	-26.3565555	-24.4023782	0.477909139	5.66488161	0	100	0	0	0	3
282	394	0	3.93428514	-26.6750443	-25.43289	-26.6750443	-24.4023782	0.477909139	5.66488161	0	100	0	0	0	3
283	395	0	3.94823651	-26.1750658	-25.4482673	-26.6750443	-24.4023782	0.477909139	5.66488161	0	100	0	0	0	3
284	397	0	3.96218787	-26.1356776	-25.4605461	-26.6750443	-24.4023782	0.477909139	5.66488161	0	100	0	0	0	3
285	398	0	3.97613924	-25.9913156	-25.4788073	-26.6750443	-24.4023782	0.477909139	5.66488161	0	100	0	0	0	3
286	399	0	3.9900906	-25.7111914	-25.479878	-26.6750443	-24.4023782	0.477909139	5.66488161	0	100	0	0	0	3
287	401	0	4.00404197	-25.0975286	-25.4799603	-26.6750443	-24.4023782	0.477909139	5.66488161	0	100	0	0	0	3
