Iteration	CPUTime	PhysTime	Travels	Value	AvValue	MinValue	MaxValue	Delta	Criteria	Progress	dGMaxMin	CriteriaType	CriteriaVarType	CriteriaPercentage
1	8	0	0.0139513658	-4.23300696	-4.23300696	-4.23300696	-4.23300696	0	0	0	0	0	0	0	3
2	10	0	0.0279027315	-5.65365776	-4.94333236	-5.65365776	-4.23300696	0.710325401	0	0	0	0	0	0	3
3	11	0	0.0418540973	-6.9034768	-5.59671384	-6.9034768	-4.23300696	1.36370688	0	0	0	0	0	0	3
4	13	0	0.055805463	-6.8087353	-5.89971921	-6.9034768	-4.23300696	1.66671225	0	0	0	0	0	0	3
5	14	0	0.0697568288	-5.76333302	-5.87244197	-6.9034768	-4.23300696	1.66671225	0	0	0	0	0	0	3
6	16	0	0.0837081945	-4.80085384	-5.69384395	-6.9034768	-4.23300696	1.66671225	0	0	0	0	0	0	3
7	17	0	0.0976595603	-2.88636608	-5.29277568	-6.9034768	-2.88636608	1.66671225	0	0	0	0	0	0	3
8	18	0	0.111610926	-3.45901041	-5.06355502	-6.9034768	-2.88636608	1.66671225	0	0	0	0	0	0	3
9	20	0	0.125562292	-3.70103479	-4.91216389	-6.9034768	-2.88636608	1.66671225	0	0	0	0	0	0	3
10	21	0	0.139513658	-3.31112228	-4.75205972	-6.9034768	-2.88636608	1.66671225	0	0	0	0	0	0	3
11	22	0	0.153465023	-3.25057836	-4.61556142	-6.9034768	-2.88636608	1.66671225	0	0	0	0	0	0	3
12	23	0	0.167416389	-3.68292039	-4.53784133	-6.9034768	-2.88636608	1.66671225	0	0	0	0	0	0	3
13	25	0	0.181367755	-4.21300374	-4.51285383	-6.9034768	-2.88636608	1.66671225	0	0	0	0	0	0	3
14	26	0	0.195319121	-4.6642372	-4.52366692	-6.9034768	-2.88636608	1.66671225	0	0	0	0	0	0	3
15	27	0	0.209270486	-4.87773553	-4.5472715	-6.9034768	-2.88636608	1.66671225	0	0	0	0	0	0	3
16	29	0	0.223221852	-5.24778197	-4.5910534	-6.9034768	-2.88636608	1.66671225	0	0	0	0	0	0	3
17	30	0	0.237173218	-5.56891193	-4.64857449	-6.9034768	-2.88636608	1.66671225	0	0	0	0	0	0	3
18	32	0	0.251124584	-5.59604605	-4.7012118	-6.9034768	-2.88636608	1.66671225	0	0	0	0	0	0	3
19	33	0	0.265075949	-5.56668441	-4.74676299	-6.9034768	-2.88636608	1.66671225	0	0	0	0	0	0	3
20	34	0	0.279027315	-5.51942487	-4.78539609	-6.9034768	-2.88636608	1.66671225	0	0	0	0	0	0	3
21	36	0	0.292978681	-5.44514283	-4.8168126	-6.9034768	-2.88636608	1.66671225	0	0	0	0	0	0	3
22	37	0	0.306930047	-5.31512033	-4.83946295	-6.9034768	-2.88636608	1.66671225	0	0	0	0	0	0	3
23	38	0	0.320881412	-5.07127804	-4.84954187	-6.9034768	-2.88636608	1.66671225	0	0	0	0	0	0	3
24	40	0	0.334832778	-4.76628826	-4.84607297	-6.9034768	-2.88636608	1.66671225	0	0	0	0	0	0	3
25	41	0	0.348784144	-4.91778713	-4.84894153	-6.9034768	-2.88636608	1.66671225	0	0	0	0	0	0	3
26	43	0	0.36273551	-4.8382187	-4.84852911	-6.9034768	-2.88636608	1.66671225	0	0	0	0	0	0	3
27	44	0	0.376686875	-4.80080085	-4.8467614	-6.9034768	-2.88636608	1.66671225	0	0	0	0	0	0	3
28	45	0	0.390638241	-4.5833326	-4.83735323	-6.9034768	-2.88636608	1.66671225	0	0	0	0	0	0	3
29	47	0	0.404589607	-4.61363932	-4.82963896	-6.9034768	-2.88636608	1.66671225	0	0	0	0	0	0	3
30	48	0	0.418540973	-4.38837402	-4.81493013	-6.9034768	-2.88636608	1.66671225	0	0	0	0	0	0	3
31	50	0	0.432492338	-3.960082	-4.78735438	-6.9034768	-2.88636608	1.66671225	0	0	0	0	0	0	3
32	51	0	0.446443704	-3.38509315	-4.74353372	-6.9034768	-2.88636608	1.66671225	0	0	0	0	0	0	3
33	52	0	0.46039507	-3.46035544	-4.70464953	-6.9034768	-2.88636608	1.66671225	0	0	0	0	0	0	3
34	54	0	0.474346436	-3.31413966	-4.66375218	-6.9034768	-2.88636608	1.66671225	0	0	0	0	0	0	3
35	55	0	0.488297801	-3.23483637	-4.62292601	-6.9034768	-2.88636608	1.66671225	0	0	0	0	0	0	3
36	57	0	0.502249167	-3.35121172	-4.58760061	-6.9034768	-2.88636608	1.66671225	0	0	0	0	0	0	3
37	58	0	0.516200533	-3.06776768	-4.55523286	-6.9034768	-2.88636608	1.38686538	0	0	0	0	0	0	3
38	60	0	0.530151899	-2.96804586	-4.48063253	-6.9034768	-2.88636608	1.41908668	0	0	0	0	0	0	3
39	61	0	0.544103264	-2.68931003	-4.36357234	-6.8087353	-2.68931003	1.53614687	0	0	0	0	0	0	3
40	63	0	0.55805463	-2.43937653	-4.24220126	-5.76333302	-2.43937653	1.63024071	0	0	0	0	0	0	3
41	64	0	0.572005996	-2.27399768	-4.14527528	-5.59604605	-2.27399768	1.54856867	0	0	0	0	0	0	3
42	65	0	0.585957362	-2.6528326	-4.08560802	-5.59604605	-2.27399768	1.20716766	0	0	0	0	0	0	3
43	67	0	0.599908727	-2.50761047	-4.07508703	-5.59604605	-2.27399768	0.988467989	0	0	0	0	0	0	3
44	68	0	0.613860093	-2.5610982	-4.05014503	-5.59604605	-2.27399768	0.862018857	0	0	0	0	0	0	3
45	70	0	0.627811459	-2.24275051	-4.00963713	-5.59604605	-2.24275051	0.839904734	0	0	0	0	0	0	3
46	71	0	0.641762825	-2.29886026	-3.98151874	-5.59604605	-2.24275051	0.868023124	0	0	0	0	0	0	3
47	72	0	0.65571419	-2.37475917	-3.95719043	-5.59604605	-2.24275051	0.892351434	0	0	0	0	0	0	3
48	74	0	0.669665556	-2.43376711	-3.92249173	-5.59604605	-2.24275051	0.927050136	0	0	0	0	0	0	3
49	75	0	0.683616922	-2.34659506	-3.87064704	-5.59604605	-2.24275051	0.978894822	0	0	0	0	0	0	3
50	77	0	0.697568288	-2.51895178	-3.81105578	-5.59604605	-2.24275051	1.03848608	0	0	0	0	0	0	3
51	78	0	0.711519653	-2.42829087	-3.74301565	-5.59604605	-2.24275051	1.10652621	0	0	0	0	0	0	3
52	79	0	0.725471019	-2.53353011	-3.66761977	-5.59604605	-2.24275051	1.1819221	0	0	0	0	0	0	3
53	81	0	0.739422385	-2.50772422	-3.58258678	-5.59604605	-2.24275051	1.26695509	0	0	0	0	0	0	3
54	82	0	0.753373751	-2.54614273	-3.49786724	-5.56668441	-2.24275051	1.35167463	0	0	0	0	0	0	3
55	83	0	0.767325116	-2.37595926	-3.40923598	-5.51942487	-2.24275051	1.44030588	0	0	0	0	0	0	3
56	85	0	0.781276482	-2.55263316	-3.3268251	-5.44514283	-2.24275051	1.52271676	0	0	0	0	0	0	3
57	86	0	0.795227848	-2.42285538	-3.24287267	-5.31512033	-2.24275051	1.60666919	0	0	0	0	0	0	3
58	88	0	0.809179214	-2.5828634	-3.16697665	-5.07127804	-2.24275051	1.68256522	0	0	0	0	0	0	3
59	89	0	0.823130579	-2.45139353	-3.09420208	-4.91778713	-2.24275051	1.75473945	0	0	0	0	0	0	3
60	90	0	0.837081945	-2.4894715	-3.03095717	-4.91778713	-2.24275051	1.81798436	0	0	0	0	0	0	3
61	92	0	0.851033311	-2.42399179	-2.96168508	-4.8382187	-2.24275051	1.88684404	0	0	0	0	0	0	3
62	93	0	0.864984677	-2.44221996	-2.89512956	-4.80080085	-2.24275051	1.95163185	0	0	0	0	0	0	3
63	95	0	0.878936042	-2.46088024	-2.83013176	-4.61363932	-2.24275051	2.00722147	0	0	0	0	0	0	3
64	96	0	0.892887408	-2.43718955	-2.77051668	-4.61363932	-2.24275051	2.05912228	0	0	0	0	0	0	3
65	97	0	0.906838774	-2.40528025	-2.70917337	-4.38837402	-2.24275051	2.10575676	0	0	0	0	0	0	3
66	99	0	0.92079014	-2.35967425	-2.6528206	-3.960082	-2.24275051	1.7173315	0	0	0	0	0	0	3
67	100	0	0.934741505	-2.27038324	-2.60588452	-3.46035544	-2.24275051	1.21760493	0	0	0	0	0	0	3
68	101	0	0.948692871	-2.26833324	-2.57486341	-3.46035544	-2.24275051	1.21760493	0	0	0	0	0	0	3
69	103	0	0.962644237	-2.22607981	-2.54057798	-3.35121172	-2.22607981	1.12513191	0	0	0	0	0	0	3
70	104	0	0.976595603	-2.25255359	-2.51108948	-3.35121172	-2.22607981	1.12513191	0	0	0	0	0	0	3
71	106	0	0.990546968	-2.23514711	-2.48332033	-3.35121172	-2.22607981	1.12513191	0	0	0	0	0	0	3
72	107	0	1.00449833	-2.16219737	-2.45029215	-3.06776768	-2.16219737	0.905570312	0.142238383	0	15.7	0	0	0	3
73	108	0	1.0184497	-2.24817447	-2.42752568	-2.96804586	-2.16219737	0.805848489	0.142238383	0	17.6	0	0	0	3
74	110	0	1.03240107	-2.16065239	-2.40509808	-2.68931003	-2.16065239	0.528657639	0.142261557	0	26.9	0	0	0	3
75	111	0	1.04635243	-2.12563141	-2.38944034	-2.6528326	-2.12563141	0.527201191	0.142238383	0	26.9	0	0	0	3
76	112	0	1.0603038	-2.11469782	-2.38042149	-2.6528326	-2.11469782	0.538134787	0.142238383	0	26.4	0	0	0	3
77	114	0	1.07425516	-2.09070656	-2.37533007	-2.6528326	-2.09070656	0.562126038	0.142238383	0	25.3	0	0	0	3
78	115	0	1.08820653	-2.081286	-2.35945377	-2.5828634	-2.081286	0.501577397	0.142238383	0	28.3	0	0	0	3
79	117	0	1.10215789	-2.12538987	-2.34883653	-2.5828634	-2.081286	0.501577397	0.142238383	0	28.3	0	0	0	3
80	118	0	1.11610926	-2.14938901	-2.33740017	-2.5828634	-2.081286	0.501577397	0.142238383	0	28.3	0	0	0	3
81	119	0	1.13006063	-2.44698486	-2.34307334	-2.5828634	-2.081286	0.501577397	0.142238383	0	28.3	0	0	0	3
82	121	0	1.14401199	-2.09582374	-2.33743344	-2.5828634	-2.081286	0.501577397	0.142238383	0	28.3	0	0	0	3
83	122	0	1.15796336	-2.38688253	-2.3377702	-2.5828634	-2.081286	0.501577397	0.142238383	0	28.3	0	0	0	3
84	123	0	1.17191472	-2.09136441	-2.32825901	-2.5828634	-2.081286	0.501577397	0.142238383	0	28.3	0	0	0	3
85	125	0	1.18586609	-2.35427192	-2.32847226	-2.5828634	-2.081286	0.501577397	0.142238383	0	28.3	0	0	0	3
86	126	0	1.19981745	-2.06587913	-2.31588691	-2.5828634	-2.06587913	0.516984268	0.142238383	0	27.5	0	0	0	3
87	128	0	1.21376882	-2.33680845	-2.31334573	-2.5828634	-2.06587913	0.516984268	0.142238383	0	27.5	0	0	0	3
88	129	0	1.22772019	-2.06215705	-2.30025203	-2.5828634	-2.06215705	0.520706349	0.142238383	0	27.3	0	0	0	3
89	130	0	1.24167155	-2.33340997	-2.29540997	-2.5828634	-2.06215705	0.520706349	0.142238383	0	27.3	0	0	0	3
90	132	0	1.25562292	-2.07371268	-2.28228691	-2.5828634	-2.06215705	0.520706349	0.142238383	0	27.3	0	0	0	3
91	133	0	1.26957428	-2.26030661	-2.27907434	-2.5828634	-2.06215705	0.520706349	0.142238383	0	27.3	0	0	0	3
92	134	0	1.28352565	-2.09493548	-2.26636052	-2.5828634	-2.06215705	0.520706349	0.142238383	0	27.3	0	0	0	3
93	136	0	1.29747701	-2.23416989	-2.26111925	-2.5828634	-2.06215705	0.520706349	0.142238383	0	27.3	0	0	0	3
94	137	0	1.31142838	-2.09899462	-2.24767845	-2.4894715	-2.06215705	0.427314451	0.142238383	0	33.2	0	0	0	3
95	138	0	1.32537975	-2.26182325	-2.24241261	-2.4894715	-2.06215705	0.427314451	0.142238383	0	33.2	0	0	0	3
96	140	0	1.33933111	-2.08623105	-2.23121149	-2.46088024	-2.06215705	0.398723192	0.142238383	0	35.6	0	0	0	3
97	141	0	1.35328248	-2.27536216	-2.22708289	-2.46088024	-2.06215705	0.398723192	0.142238383	0	35.6	0	0	0	3
98	143	0	1.36723384	-2.1076586	-2.21778952	-2.46088024	-2.06215705	0.398723192	0.142238383	0	35.6	0	0	0	3
99	144	0	1.38118521	-2.30133386	-2.21335767	-2.44698486	-2.06215705	0.384827809	0.142238383	0	36.9	0	0	0	3
100	145	0	1.39513658	-2.1028851	-2.20407144	-2.44698486	-2.06215705	0.384827809	0.142238383	0	36.9	0	0	0	3
101	147	0	1.40908794	-2.27204776	-2.20037054	-2.44698486	-2.06215705	0.384827809	0.142238383	0	36.9	0	0	0	3
102	148	0	1.42303931	-2.10157009	-2.19320098	-2.44698486	-2.06215705	0.384827809	0.142238383	0	36.9	0	0	0	3
103	150	0	1.43699067	-2.21572712	-2.19168275	-2.44698486	-2.06215705	0.383180662	0.142238383	0	37.1	0	0	0	3
104	151	0	1.45094204	-2.12921866	-2.18781846	-2.44698486	-2.06215705	0.352759522	0.142238383	0	40.3	0	0	0	3
105	153	0	1.4648934	-2.24644566	-2.18838417	-2.44698486	-2.06215705	0.32327102	0.142238383	0	43.9	0	0	0	3
106	154	0	1.47884477	-2.14196967	-2.1853124	-2.44698486	-2.06215705	0.298007931	0.142238383	0	47.7	0	0	0	3
107	155	0	1.49279614	-2.27754534	-2.18649013	-2.44698486	-2.06215705	0.264979755	0.142238383	0	53.6	0	0	0	3
108	157	0	1.5067475	-2.15818246	-2.1863786	-2.44698486	-2.06215705	0.242213277	0.142238383	0	58.7	0	0	0	3
109	158	0	1.52069887	-2.27924714	-2.18724173	-2.44698486	-2.06215705	0.21978568	0.142238383	0	64.7	0	0	0	3
110	160	0	1.53465023	-2.14966795	-2.18693661	-2.44698486	-2.06215705	0.204127941	0.142238383	0	69.6	0	0	0	3
111	161	0	1.5486016	-2.26755018	-2.1908788	-2.44698486	-2.06215705	0.195109087	0.142238383	0	72.9	0	0	0	3
112	162	0	1.56255296	-2.16632939	-2.19231301	-2.44698486	-2.06215705	0.190017668	0.142238383	0	74.8	0	0	0	3
113	164	0	1.57650433	-2.27297924	-2.19737614	-2.44698486	-2.06215705	0.174141373	0.142238383	0	81.6	0	0	0	3
114	165	0	1.5904557	-2.16567439	-2.19972026	-2.44698486	-2.06215705	0.163524135	0.142238383	0	86.9	0	0	0	3
115	166	0	1.60440706	-2.26891555	-2.20370708	-2.44698486	-2.06215705	0.157760944	0.142238383	0	90.1	0	0	0	3
116	168	0	1.61835843	-2.16852476	-2.20423863	-2.44698486	-2.06215705	0.157760944	0.142238383	0	90.1	0	0	0	3
117	169	0	1.63230979	-2.25276592	-2.19884366	-2.38688253	-2.06215705	0.152457801	0.142238383	0	93.2	0	0	0	3
118	170	0	1.64626116	-2.15815851	-2.20057518	-2.38688253	-2.06215705	0.152457801	0.142238383	0	93.2	0	0	0	3
119	172	0	1.66021252	-2.25056359	-2.19678855	-2.35427192	-2.06215705	0.143159861	0.142238383	0	99.3	0	0	0	3
120	173	0	1.67416389	-2.17560266	-2.1991285	-2.35427192	-2.06215705	0.143159861	0.142238383	0	99.3	0	0	0	3
121	174	0	1.68811526	-2.2363779	-2.19585366	-2.33680845	-2.06215705	0.130574509	0.142238383	0	100	0	0	0	3
122	176	0	1.70206662	-2.1802491	-2.19903061	-2.33680845	-2.06215705	0.128033331	0.142238383	0	100	0	0	0	3
123	177	0	1.71601799	-2.24953159	-2.19660625	-2.33340997	-2.06215705	0.114939635	0.142238383	0	100	0	0	0	3
124	178	0	1.72996935	-2.17743082	-2.1998083	-2.33340997	-2.07371268	0.110097572	0.142238383	0	100	0	0	0	3
125	180	0	1.74392072	-2.24489128	-2.19734945	-2.30133386	-2.07371268	0.0969745158	0.142238383	0	100	0	0	0	3
126	181	0	1.75787208	-2.17752494	-2.20023312	-2.30133386	-2.08623105	0.0937619421	0.142238383	0	100	0	0	0	3
127	183	0	1.77182345	-2.24461427	-2.19979722	-2.30133386	-2.08623105	0.0810481177	0.142238383	0	100	0	0	0	3
128	184	0	1.78577482	-2.18482852	-2.20229425	-2.30133386	-2.08623105	0.0758068541	0.142238383	0	100	0	0	0	3
129	185	0	1.79972618	-2.24062164	-2.20247347	-2.30133386	-2.08623105	0.0623660546	0.142238383	0	100	0	0	0	3
130	187	0	1.81367755	-2.15620556	-2.20406266	-2.30133386	-2.08623105	0.0571002135	0.142238383	0	100	0	0	0	3
131	188	0	1.82762891	-2.23156546	-2.20322216	-2.30133386	-2.08623105	0.0458990899	0.142238383	0	100	0	0	0	3
132	189	0	1.84158028	-2.16015596	-2.20527563	-2.30133386	-2.10157009	0.041770489	0.142238383	0	100	0	0	0	3
133	191	0	1.85553164	-2.23748747	-2.20422356	-2.30133386	-2.10157009	0.0324771177	0.142238383	0	100	0	0	0	3
134	192	0	1.86948301	-2.17711221	-2.20615283	-2.30133386	-2.10157009	0.0280452737	0.142238383	0	100	0	0	0	3
135	193	0	1.88343438	-2.22631042	-2.20406884	-2.27924714	-2.10157009	0.0208404276	0.142238383	0	100	0	0	0	3
136	195	0	1.89738574	-2.18517534	-2.20635468	-2.27924714	-2.10157009	0.0210422834	0.142238383	0	100	0	0	0	3
137	196	0	1.91133711	-2.23084881	-2.20521027	-2.27924714	-2.10157009	0.0210422834	0.142238383	0	100	0	0	0	3
138	197	0	1.92528847	-2.20514214	-2.20808727	-2.27924714	-2.12921866	0.0227748695	0.142238383	0	100	0	0	0	3
139	199	0	1.93923984	-2.22013637	-2.20820975	-2.27924714	-2.12921866	0.0228973485	0.142238383	0	100	0	0	0	3
140	200	0	1.95319121	-2.21149481	-2.2104952	-2.27924714	-2.14196967	0.0251827971	0.142238383	0	100	0	0	0	3
141	201	0	1.96714257	-2.21562608	-2.2096391	-2.27924714	-2.14196967	0.0251827971	0.142238383	0	100	0	0	0	3
142	203	0	1.98109394	-2.19104206	-2.21100222	-2.27924714	-2.14966795	0.0246236159	0.142238383	0	100	0	0	0	3
143	204	0	1.9950453	-2.21235883	-2.20919148	-2.27924714	-2.14966795	0.0246236159	0.142238383	0	100	0	0	0	3
144	206	0	2.00899667	-2.18250368	-2.20986707	-2.27924714	-2.14966795	0.0240656094	0.142238383	0	100	0	0	0	3
145	207	0	2.02294803	-2.19704719	-2.20758374	-2.27297924	-2.14966795	0.0240656094	0.142238383	0	100	0	0	0	3
146	208	0	2.0368994	-2.15731301	-2.2077961	-2.27297924	-2.15620556	0.0201234212	0.142238383	0	100	0	0	0	3
147	210	0	2.05085077	-2.21890722	-2.20644491	-2.27297924	-2.15620556	0.0186892108	0.142238383	0	100	0	0	0	3
148	211	0	2.06480213	-2.17004211	-2.20654804	-2.27297924	-2.15620556	0.0151485552	0.142238383	0	100	0	0	0	3
149	212	0	2.0787535	-2.21537332	-2.20494787	-2.26891555	-2.15620556	0.0151485552	0.142238383	0	100	0	0	0	3
150	214	0	2.09270486	-2.17997184	-2.20534503	-2.26891555	-2.15620556	0.0151485552	0.142238383	0	100	0	0	0	3
151	215	0	2.10665623	-2.21723603	-2.20390948	-2.25276592	-2.15620556	0.0151485552	0.142238383	0	100	0	0	0	3
152	216	0	2.12060759	-2.20136465	-2.2048217	-2.25276592	-2.15620556	0.0151485552	0.142238383	0	100	0	0	0	3
153	218	0	2.13455896	-2.26089643	-2.20504755	-2.26089643	-2.15620556	0.0151485552	0.142238383	0	100	0	0	0	3
154	219	0	2.14851033	-2.19896101	-2.20618095	-2.26089643	-2.15620556	0.0151485552	0.142238383	0	100	0	0	0	3
155	220	0	2.16246169	-2.2250453	-2.20547211	-2.26089643	-2.15620556	0.0151485552	0.142238383	0	100	0	0	0	3
156	222	0	2.17641306	-2.21353344	-2.20652574	-2.26089643	-2.15620556	0.0151485552	0.142238383	0	100	0	0	0	3
157	223	0	2.19036442	-2.23191045	-2.20640165	-2.26089643	-2.15620556	0.0143959688	0.142238383	0	100	0	0	0	3
158	224	0	2.20431579	-2.21453555	-2.20735405	-2.26089643	-2.15620556	0.0143959688	0.142238383	0	100	0	0	0	3
159	226	0	2.21826715	-2.25559829	-2.20752257	-2.26089643	-2.15620556	0.0136527722	0.142238383	0	100	0	0	0	3
160	227	0	2.23221852	-2.21567481	-2.2085849	-2.26089643	-2.15620556	0.0136527722	0.142238383	0	100	0	0	0	3
161	229	0	2.24616989	-2.22985518	-2.20816723	-2.26089643	-2.15620556	0.0112049968	0.142238383	0	100	0	0	0	3
162	230	0	2.26012125	-2.19467603	-2.20864365	-2.26089643	-2.15620556	0.0112049968	0.142238383	0	100	0	0	0	3
163	231	0	2.27407262	-2.22714639	-2.20815843	-2.26089643	-2.15620556	0.00870796783	0.142238383	0	100	0	0	0	3
164	233	0	2.28802398	-2.17924681	-2.20800339	-2.26089643	-2.15620556	0.00852875254	0.142238383	0	100	0	0	0	3
165	234	0	2.30197535	-2.25230691	-2.20832798	-2.26089643	-2.15620556	0.00778005387	0.142238383	0	100	0	0	0	3
166	235	0	2.31592671	-2.18357963	-2.20908837	-2.26089643	-2.15731301	0.00778005387	0.142238383	0	100	0	0	0	3
167	237	0	2.32987808	-2.20155916	-2.20825486	-2.26089643	-2.15731301	0.00709273417	0.142238383	0	100	0	0	0	3
168	238	0	2.34382945	-2.2046829	-2.20949172	-2.26089643	-2.15731301	0.00709273417	0.142238383	0	100	0	0	0	3
169	239	0	2.35778081	-2.21013894	-2.20873204	-2.26089643	-2.15731301	0.00709273417	0.142238383	0	100	0	0	0	3
170	241	0	2.37173218	-2.20432355	-2.20948791	-2.26089643	-2.15731301	0.00709273417	0.142238383	0	100	0	0	0	3
171	242	0	2.38568354	-2.23226737	-2.20965338	-2.26089643	-2.15731301	0.00709273417	0.142238383	0	100	0	0	0	3
172	243	0	2.39963491	-2.2149771	-2.21048121	-2.26089643	-2.15731301	0.00709273417	0.142238383	0	100	0	0	0	3
173	245	0	2.41358627	-2.22581493	-2.21034138	-2.26089643	-2.15731301	0.00709273417	0.142238383	0	100	0	0	0	3
174	246	0	2.42753764	-2.2115768	-2.21052012	-2.26089643	-2.15731301	0.00709273417	0.142238383	0	100	0	0	0	3
175	248	0	2.44148901	-2.22653599	-2.21069788	-2.26089643	-2.15731301	0.00709273417	0.142238383	0	100	0	0	0	3
176	249	0	2.45544037	-2.20848187	-2.21061419	-2.26089643	-2.15731301	0.00709273417	0.142238383	0	100	0	0	0	3
177	250	0	2.46939174	-2.25782725	-2.21178645	-2.26089643	-2.15731301	0.00787696135	0.142238383	0	100	0	0	0	3
178	252	0	2.4833431	-2.20461582	-2.21216349	-2.26089643	-2.15731301	0.00825401024	0.142238383	0	100	0	0	0	3
179	253	0	2.49729447	-2.27962288	-2.21403194	-2.27962288	-2.15731301	0.010122456	0.142238383	0	100	0	0	0	3
180	254	0	2.51124584	-2.20520364	-2.21466249	-2.27962288	-2.15731301	0.0107530105	0.142238383	0	100	0	0	0	3
181	256	0	2.5251972	-2.28090219	-2.2169918	-2.28090219	-2.15731301	0.0130823162	0.142238383	0	100	0	0	0	3
182	257	0	2.53914857	-2.20288331	-2.21825764	-2.28090219	-2.17004211	0.0143481579	0.142238383	0	100	0	0	0	3
183	258	0	2.55309993	-2.27924128	-2.21993359	-2.28090219	-2.17004211	0.0160241041	0.142238383	0	100	0	0	0	3
184	260	0	2.5670513	-2.20592868	-2.22093044	-2.28090219	-2.17924681	0.0170209535	0.142238383	0	100	0	0	0	3
185	261	0	2.58100266	-2.282779	-2.22280282	-2.282779	-2.17924681	0.0188933336	0.142238383	0	100	0	0	0	3
186	263	0	2.59495403	-2.20950113	-2.22362308	-2.282779	-2.17924681	0.0197135915	0.142238383	0	100	0	0	0	3
187	264	0	2.6089054	-2.28428838	-2.22548564	-2.28428838	-2.17924681	0.0206639374	0.142238383	0	100	0	0	0	3
188	265	0	2.62285676	-2.21759989	-2.22593662	-2.28428838	-2.17924681	0.0208890687	0.142238383	0	100	0	0	0	3
189	267	0	2.63680813	-2.28659767	-2.22665054	-2.28659767	-2.17924681	0.0211784305	0.142238383	0	100	0	0	0	3
190	268	0	2.65075949	-2.20559625	-2.22683485	-2.28659767	-2.17924681	0.0213627427	0.142238383	0	100	0	0	0	3
191	269	0	2.66471086	-2.29122156	-2.22867308	-2.29122156	-2.17924681	0.0222714354	0.142238383	0	100	0	0	0	3
192	271	0	2.67866222	-2.19726404	-2.22822116	-2.29122156	-2.17924681	0.0222714354	0.142238383	0	100	0	0	0	3
193	272	0	2.69261359	-2.2980236	-2.23005763	-2.2980236	-2.17924681	0.0227035828	0.142238383	0	100	0	0	0	3
194	274	0	2.70656496	-2.20184814	-2.2297052	-2.2980236	-2.17924681	0.0225350633	0.142238383	0	100	0	0	0	3
195	275	0	2.72051632	-2.29367606	-2.23076292	-2.2980236	-2.17924681	0.0227595346	0.142238383	0	100	0	0	0	3
196	276	0	2.73446769	-2.21293748	-2.23068688	-2.2980236	-2.17924681	0.0227595346	0.142238383	0	100	0	0	0	3
197	278	0	2.74841905	-2.30464247	-2.23276431	-2.30464247	-2.17924681	0.0247609223	0.142238383	0	100	0	0	0	3
198	279	0	2.76237042	-2.21480667	-2.23332349	-2.30464247	-2.17924681	0.0253201066	0.142238383	0	100	0	0	0	3
199	280	0	2.77632178	-2.30926653	-2.23560461	-2.30926653	-2.17924681	0.0276012214	0.142238383	0	100	0	0	0	3
200	282	0	2.79027315	-2.22523582	-2.23688208	-2.30926653	-2.18357963	0.0286272207	0.142238383	0	100	0	0	0	3
201	283	0	2.80422452	-2.28856291	-2.23788919	-2.30926653	-2.18357963	0.0296343319	0.142238383	0	100	0	0	0	3
202	285	0	2.81817588	-2.21826755	-2.23885274	-2.30926653	-2.19726404	0.0305978853	0.142238383	0	100	0	0	0	3
203	286	0	2.83212725	-2.27397954	-2.24086442	-2.30926653	-2.19726404	0.0321323847	0.142238383	0	100	0	0	0	3
204	288	0	2.84607861	-2.22240717	-2.24135676	-2.30926653	-2.19726404	0.0326247256	0.142238383	0	100	0	0	0	3
205	289	0	2.86002998	-2.28856735	-2.24353533	-2.30926653	-2.19726404	0.0340474219	0.142238383	0	100	0	0	0	3
206	290	0	2.87398134	-2.22807622	-2.24419513	-2.30926653	-2.19726404	0.0345417475	0.142238383	0	100	0	0	0	3
207	292	0	2.88793271	-2.28868848	-2.24576238	-2.30926653	-2.19726404	0.0354210041	0.142238383	0	100	0	0	0	3
208	293	0	2.90188408	-2.22233862	-2.24596687	-2.30926653	-2.19726404	0.0356254909	0.142238383	0	100	0	0	0	3
209	294	0	2.91583544	-2.27475125	-2.24732621	-2.30926653	-2.19726404	0.0368060926	0.142238383	0	100	0	0	0	3
210	296	0	2.92978681	-2.21747954	-2.24749017	-2.30926653	-2.19726404	0.0368759833	0.142238383	0	100	0	0	0	3
211	297	0	2.94373817	-2.27662176	-2.24888144	-2.30926653	-2.19726404	0.0382672547	0.142238383	0	100	0	0	0	3
212	299	0	2.95768954	-2.21948709	-2.24918715	-2.30926653	-2.19726404	0.0374007004	0.142238383	0	100	0	0	0	3
213	300	0	2.9716409	-2.2779862	-2.24974712	-2.30926653	-2.19726404	0.0375836224	0.142238383	0	100	0	0	0	3
214	301	0	2.98559227	-2.22241017	-2.2502414	-2.30926653	-2.19726404	0.0362094643	0.142238383	0	100	0	0	0	3
215	303	0	2.99954364	-2.32340573	-2.25145759	-2.32340573	-2.19726404	0.0367951	0.142238383	0	100	0	0	0	3
216	304	0	3.013495	-2.23071732	-2.25216631	-2.32340573	-2.19726404	0.0351745077	0.142238383	0	100	0	0	0	3
217	305	0	3.02744637	-2.3084193	-2.25293067	-2.32340573	-2.19726404	0.03467303	0.142238383	0	100	0	0	0	3
218	307	0	3.04139773	-2.23113008	-2.2537153	-2.32340573	-2.19726404	0.0337817163	0.142238383	0	100	0	0	0	3
219	308	0	3.0553491	-2.2916807	-2.25406084	-2.32340573	-2.19726404	0.0331304063	0.142238383	0	100	0	0	0	3
220	310	0	3.06930047	-2.22887359	-2.2546982	-2.32340573	-2.19726404	0.0318953847	0.142238383	0	100	0	0	0	3
221	311	0	3.08325183	-2.28558544	-2.25477616	-2.32340573	-2.19726404	0.0311530833	0.142238383	0	100	0	0	0	3
222	312	0	3.0972032	-2.24169524	-2.25567044	-2.32340573	-2.19726404	0.0301847991	0.142238383	0	100	0	0	0	3
223	314	0	3.11115456	-2.2872665	-2.25575317	-2.32340573	-2.19726404	0.0298165457	0.142238383	0	100	0	0	0	3
224	315	0	3.12510593	-2.2270788	-2.25601647	-2.32340573	-2.19726404	0.0293659253	0.142238383	0	100	0	0	0	3
225	316	0	3.13905729	-2.27473033	-2.25568682	-2.32340573	-2.19726404	0.0291816132	0.142238383	0	100	0	0	0	3
226	318	0	3.15300866	-2.20428647	-2.25565044	-2.32340573	-2.19726404	0.0277953113	0.142238383	0	100	0	0	0	3
227	319	0	3.16696003	-2.28903348	-2.25558966	-2.32340573	-2.19726404	0.0277953113	0.142238383	0	100	0	0	0	3
228	320	0	3.18091139	-2.19682259	-2.25557739	-2.32340573	-2.19682259	0.0263112631	0.142238383	0	100	0	0	0	3
229	322	0	3.19486276	-2.28961374	-2.25534379	-2.32340573	-2.19682259	0.0263112631	0.142238383	0	100	0	0	0	3
230	323	0	3.20881412	-2.21930771	-2.25582878	-2.32340573	-2.19682259	0.0253295843	0.142238383	0	100	0	0	0	3
231	325	0	3.22276549	-2.28616746	-2.2556202	-2.32340573	-2.19682259	0.0253295843	0.142238383	0	100	0	0	0	3
232	326	0	3.23671685	-2.30250479	-2.25810818	-2.32340573	-2.19682259	0.0253438753	0.142238383	0	100	0	0	0	3
233	327	0	3.25066822	-2.41056018	-2.26105034	-2.41056018	-2.19682259	0.0277268496	0.142238383	0	100	0	0	0	3
234	329	0	3.26461959	-2.30072866	-2.26343706	-2.41056018	-2.19682259	0.0278324567	0.142238383	0	100	0	0	0	3
235	330	0	3.27857095	-2.34436782	-2.2644121	-2.41056018	-2.19682259	0.02753002	0.142238383	0	100	0	0	0	3
236	331	0	3.29252232	-2.2326805	-2.2646189	-2.41056018	-2.19682259	0.0267297055	0.142238383	0	100	0	0	0	3
237	333	0	3.30647368	-2.29994126	-2.26493496	-2.41056018	-2.19682259	0.0260822172	0.142238383	0	100	0	0	0	3
238	334	0	3.32042505	-2.21794233	-2.26492593	-2.41056018	-2.19682259	0.0240705397	0.142238383	0	100	0	0	0	3
239	335	0	3.33437641	-2.29710769	-2.26556838	-2.41056018	-2.19682259	0.0242116134	0.142238383	0	100	0	0	0	3
240	337	0	3.34832778	-2.2091149	-2.26519915	-2.41056018	-2.19682259	0.0220330466	0.142238383	0	100	0	0	0	3
241	338	0	3.36227915	-2.29250983	-2.26530866	-2.41056018	-2.19682259	0.0213732502	0.142238383	0	100	0	0	0	3
242	339	0	3.37623051	-2.21672282	-2.26499329	-2.41056018	-2.19682259	0.0198059972	0.142238383	0	100	0	0	0	3
243	341	0	3.39018188	-2.2959392	-2.2651947	-2.41056018	-2.19682259	0.0196015104	0.142238383	0	100	0	0	0	3
244	342	0	3.40413324	-2.22000699	-2.26512993	-2.41056018	-2.19682259	0.0182421681	0.142238383	0	100	0	0	0	3
245	344	0	3.41808461	-2.30117989	-2.26586406	-2.41056018	-2.19682259	0.0183738846	0.142238383	0	100	0	0	0	3
246	345	0	3.43203597	-2.21876748	-2.26589983	-2.41056018	-2.19682259	0.0170183893	0.142238383	0	100	0	0	0	3
247	346	0	3.44598734	-2.28670225	-2.26617985	-2.41056018	-2.19682259	0.0169927025	0.142238383	0	100	0	0	0	3
248	348	0	3.45993871	-2.21916658	-2.26617094	-2.41056018	-2.19682259	0.0164327316	0.142238383	0	100	0	0	0	3
249	349	0	3.47389007	-2.29478024	-2.26663745	-2.41056018	-2.19682259	0.0163960419	0.142238383	0	100	0	0	0	3
250	350	0	3.48784144	-2.21253048	-2.26636301	-2.41056018	-2.19682259	0.0151798518	0.142238383	0	100	0	0	0	3
251	352	0	3.5017928	-2.29180026	-2.26548508	-2.41056018	-2.19682259	0.0144711384	0.142238383	0	100	0	0	0	3
252	353	0	3.51574417	-2.21729516	-2.26511224	-2.41056018	-2.19682259	0.0137067745	0.142238383	0	100	0	0	0	3
253	354	0	3.52969553	-2.29976684	-2.2648719	-2.41056018	-2.19682259	0.0129221419	0.142238383	0	100	0	0	0	3
254	356	0	3.5436469	-2.22647821	-2.26474268	-2.41056018	-2.19682259	0.0125766025	0.142238383	0	100	0	0	0	3
255	357	0	3.55759827	-2.29866227	-2.26493661	-2.41056018	-2.19682259	0.011939244	0.142238383	0	100	0	0	0	3
256	358	0	3.57154963	-2.22019658	-2.26469558	-2.41056018	-2.19682259	0.0118612874	0.142238383	0	100	0	0	0	3
257	360	0	3.585501	-2.28884282	-2.26478607	-2.41056018	-2.19682259	0.0112936588	0.142238383	0	100	0	0	0	3
258	361	0	3.59945236	-2.22664745	-2.26436807	-2.41056018	-2.19682259	0.0112936588	0.142238383	0	100	0	0	0	3
259	362	0	3.61340373	-2.29454876	-2.26457036	-2.41056018	-2.19682259	0.0112936588	0.142238383	0	100	0	0	0	3
260	364	0	3.6273551	-2.22315238	-2.26446129	-2.41056018	-2.19682259	0.0112936588	0.142238383	0	100	0	0	0	3
261	365	0	3.64130646	-2.29279826	-2.26496318	-2.41056018	-2.19682259	0.0112936588	0.142238383	0	100	0	0	0	3
262	367	0	3.65525783	-2.21866654	-2.26536262	-2.41056018	-2.19682259	0.0112936588	0.142238383	0	100	0	0	0	3
263	368	0	3.66920919	-2.30120465	-2.26570071	-2.41056018	-2.19682259	0.0112936588	0.142238383	0	100	0	0	0	3
264	369	0	3.68316056	-2.22898387	-2.26659408	-2.41056018	-2.2091149	0.0112936588	0.142238383	0	100	0	0	0	3
265	371	0	3.69711192	-2.30079058	-2.26690455	-2.41056018	-2.2091149	0.0112843432	0.142238383	0	100	0	0	0	3
266	372	0	3.71106329	-2.22581305	-2.26708525	-2.41056018	-2.2091149	0.0114650472	0.142238383	0	100	0	0	0	3
267	373	0	3.72501466	-2.29766816	-2.26740471	-2.41056018	-2.2091149	0.00929653042	0.142238383	0	100	0	0	0	3
268	375	0	3.73896602	-2.23069744	-2.26541007	-2.41056018	-2.2091149	0.00635437187	0.142238383	0	100	0	0	0	3
269	376	0	3.75291739	-2.29795797	-2.26228223	-2.34436782	-2.2091149	0.00512248773	0.142238383	0	100	0	0	0	3
270	378	0	3.76686875	-2.22855136	-2.2602773	-2.34436782	-2.2091149	0.00712741268	0.142238383	0	100	0	0	0	3
271	379	0	3.78082012	-2.30013287	-2.25904855	-2.30120465	-2.2091149	0.00835616124	0.142238383	0	100	0	0	0	3
272	380	0	3.79477148	-2.21641014	-2.2585966	-2.30120465	-2.2091149	0.00880811558	0.142238383	0	100	0	0	0	3
273	382	0	3.80872285	-2.29755142	-2.25853021	-2.30120465	-2.2091149	0.00887450005	0.142238383	0	100	0	0	0	3
274	383	0	3.82267422	-2.2247043	-2.25871805	-2.30120465	-2.2091149	0.00887450005	0.142238383	0	100	0	0	0	3
275	384	0	3.83662558	-2.30492904	-2.25893531	-2.30492904	-2.2091149	0.00887450005	0.142238383	0	100	0	0	0	3
276	386	0	3.85057695	-2.22473151	-2.2593691	-2.30492904	-2.21253048	0.00887450005	0.142238383	0	100	0	0	0	3
277	387	0	3.86452831	-2.29209179	-2.25935749	-2.30492904	-2.21253048	0.00887450005	0.142238383	0	100	0	0	0	3
278	388	0	3.87847968	-2.22065289	-2.25946666	-2.30492904	-2.21253048	0.00887450005	0.142238383	0	100	0	0	0	3
279	390	0	3.89243104	-2.29608225	-2.25947063	-2.30492904	-2.21253048	0.00887450005	0.142238383	0	100	0	0	0	3
280	391	0	3.90638241	-2.22723451	-2.2596714	-2.30492904	-2.21253048	0.00887450005	0.142238383	0	100	0	0	0	3
281	392	0	3.92033378	-2.29579379	-2.25952178	-2.30492904	-2.21253048	0.00887450005	0.142238383	0	100	0	0	0	3
282	394	0	3.93428514	-2.22557639	-2.25971092	-2.30492904	-2.21253048	0.00887450005	0.142238383	0	100	0	0	0	3
283	395	0	3.94823651	-2.30049843	-2.26009415	-2.30492904	-2.21253048	0.00887450005	0.142238383	0	100	0	0	0	3
284	397	0	3.96218787	-2.23164223	-2.26044069	-2.30492904	-2.21253048	0.00887450005	0.142238383	0	100	0	0	0	3
285	398	0	3.97613924	-2.30768608	-2.26079919	-2.30768608	-2.21253048	0.00887450005	0.142238383	0	100	0	0	0	3
286	399	0	3.9900906	-2.23038255	-2.26129508	-2.30768608	-2.21641014	0.00887450005	0.142238383	0	100	0	0	0	3
287	401	0	4.00404197	-2.3097622	-2.26179402	-2.3097622	-2.21641014	0.00887450005	0.142238383	0	100	0	0	0	3
