Iteration	CPUTime	PhysTime	Travels	Value	AvValue	MinValue	MaxValue	Delta	Criteria	Progress	dGMaxMin	CriteriaType	CriteriaVarType	CriteriaPercentage
1	8	0	0.0139513658	-6.80821911	-6.80821911	-6.80821911	-6.80821911	0	0	0	0	0	0	0	3
2	10	0	0.0279027315	-8.37023915	-7.58922913	-8.37023915	-6.80821911	0.781010018	0	0	0	0	0	0	3
3	11	0	0.0418540973	-10.557242	-8.57856675	-10.557242	-6.80821911	1.77034764	0	0	0	0	0	0	3
4	13	0	0.055805463	-12.2450996	-9.49519996	-12.2450996	-6.80821911	2.68698085	0	0	0	0	0	0	3
5	14	0	0.0697568288	-12.9723755	-10.1906351	-12.9723755	-6.80821911	3.38241595	0	0	0	0	0	0	3
6	16	0	0.0837081945	-13.3777433	-10.7218198	-13.3777433	-6.80821911	3.91360065	0	0	0	0	0	0	3
7	17	0	0.0976595603	-13.2468122	-11.082533	-13.3777433	-6.80821911	4.27431386	0	0	0	0	0	0	3
8	18	0	0.111610926	-12.776169	-11.2942375	-13.3777433	-6.80821911	4.48601836	0	0	0	0	0	0	3
9	20	0	0.125562292	-12.2927727	-11.4051858	-13.3777433	-6.80821911	4.59696672	0	0	0	0	0	0	3
10	21	0	0.139513658	-11.9378694	-11.4584542	-13.3777433	-6.80821911	4.65023508	0	0	0	0	0	0	3
11	22	0	0.153465023	-11.3595704	-11.4494648	-13.3777433	-6.80821911	4.65023508	0	0	0	0	0	0	3
12	23	0	0.167416389	-11.221677	-11.4304824	-13.3777433	-6.80821911	4.65023508	0	0	0	0	0	0	3
13	25	0	0.181367755	-10.7829579	-11.3806729	-13.3777433	-6.80821911	4.65023508	0	0	0	0	0	0	3
14	26	0	0.195319121	-10.6440216	-11.3280549	-13.3777433	-6.80821911	4.65023508	0	0	0	0	0	0	3
15	27	0	0.209270486	-10.4162877	-11.2672704	-13.3777433	-6.80821911	4.65023508	0	0	0	0	0	0	3
16	29	0	0.223221852	-10.2763323	-11.2053368	-13.3777433	-6.80821911	4.65023508	0	0	0	0	0	0	3
17	30	0	0.237173218	-10.0072459	-11.1348609	-13.3777433	-6.80821911	4.65023508	0	0	0	0	0	0	3
18	32	0	0.251124584	-10.174269	-11.0814947	-13.3777433	-6.80821911	4.65023508	0	0	0	0	0	0	3
19	33	0	0.265075949	-10.2923159	-11.0399589	-13.3777433	-6.80821911	4.65023508	0	0	0	0	0	0	3
20	34	0	0.279027315	-10.3735603	-11.006639	-13.3777433	-6.80821911	4.65023508	0	0	0	0	0	0	3
21	36	0	0.292978681	-10.452696	-10.9802608	-13.3777433	-6.80821911	4.65023508	0	0	0	0	0	0	3
22	37	0	0.306930047	-10.4972364	-10.9583051	-13.3777433	-6.80821911	4.65023508	0	0	0	0	0	0	3
23	38	0	0.320881412	-10.5249654	-10.9394643	-13.3777433	-6.80821911	4.65023508	0	0	0	0	0	0	3
24	40	0	0.334832778	-10.5411964	-10.9228698	-13.3777433	-6.80821911	4.65023508	0	0	0	0	0	0	3
25	41	0	0.348784144	-10.5482752	-10.907886	-13.3777433	-6.80821911	4.65023508	0	0	0	0	0	0	3
26	43	0	0.36273551	-10.5393876	-10.893713	-13.3777433	-6.80821911	4.65023508	0	0	0	0	0	0	3
27	44	0	0.376686875	-10.5274703	-10.8801484	-13.3777433	-6.80821911	4.65023508	0	0	0	0	0	0	3
28	45	0	0.390638241	-10.5255222	-10.8674832	-13.3777433	-6.80821911	4.65023508	0	0	0	0	0	0	3
29	47	0	0.404589607	-10.516322	-10.8553742	-13.3777433	-6.80821911	4.65023508	0	0	0	0	0	0	3
30	48	0	0.418540973	-10.5141379	-10.8439997	-13.3777433	-6.80821911	4.65023508	0	0	0	0	0	0	3
31	50	0	0.432492338	-10.4988142	-10.8328646	-13.3777433	-6.80821911	4.65023508	0	0	0	0	0	0	3
32	51	0	0.446443704	-10.5012564	-10.8225019	-13.3777433	-6.80821911	4.65023508	0	0	0	0	0	0	3
33	52	0	0.46039507	-10.4744484	-10.8119548	-13.3777433	-6.80821911	4.65023508	0	0	0	0	0	0	3
34	54	0	0.474346436	-10.4711075	-10.8019299	-13.3777433	-6.80821911	4.65023508	0	0	0	0	0	0	3
35	55	0	0.488297801	-10.4658717	-10.7923282	-13.3777433	-6.80821911	4.65023508	0	0	0	0	0	0	3
36	57	0	0.502249167	-10.4714626	-10.7834153	-13.3777433	-6.80821911	4.65023508	0	0	0	0	0	0	3
37	58	0	0.516200533	-10.4620132	-10.8849096	-13.3777433	-8.37023915	3.86922506	0	0	0	0	0	0	3
38	60	0	0.530151899	-10.4444106	-10.9425254	-13.3777433	-10.0072459	2.87988744	0	0	0	0	0	0	3
39	61	0	0.544103264	-10.4437349	-10.9393725	-13.3777433	-10.0072459	1.96325423	0	0	0	0	0	0	3
40	63	0	0.55805463	-10.425721	-10.8888342	-13.3777433	-10.0072459	1.26781913	0	0	0	0	0	0	3
41	64	0	0.572005996	-10.4364147	-10.8183908	-13.3777433	-10.0072459	0.736634431	0	0	0	0	0	0	3
42	65	0	0.585957362	-10.4268398	-10.7364213	-13.2468122	-10.0072459	0.722032911	0	0	0	0	0	0	3
43	67	0	0.599908727	-10.4375157	-10.6583853	-12.776169	-10.0072459	0.800068926	0	0	0	0	0	0	3
44	68	0	0.613860093	-10.4158888	-10.5928219	-12.2927727	-10.0072459	0.865632264	0	0	0	0	0	0	3
45	70	0	0.627811459	-10.4043193	-10.5403649	-11.9378694	-10.0072459	0.918089303	0	0	0	0	0	0	3
46	71	0	0.641762825	-10.4145767	-10.4980512	-11.3595704	-10.0072459	0.951413553	0	0	0	0	0	0	3
47	72	0	0.65571419	-10.3688573	-10.4705314	-11.221677	-10.0072459	0.959951047	0	0	0	0	0	0	3
48	74	0	0.669665556	-10.3618511	-10.4466473	-10.7829579	-10.0072459	0.775712015	0	0	0	0	0	0	3
49	75	0	0.683616922	-10.3379482	-10.434286	-10.6440216	-10.0072459	0.636775691	0	0	0	0	0	0	3
50	77	0	0.697568288	-10.339629	-10.4258306	-10.5482752	-10.0072459	0.541029327	0	0	0	0	0	0	3
51	78	0	0.711519653	-10.3296831	-10.4234249	-10.5482752	-10.0072459	0.541029327	0	0	0	0	0	0	3
52	79	0	0.725471019	-10.3428031	-10.4252713	-10.5482752	-10.0072459	0.541029327	0	0	0	0	0	0	3
53	81	0	0.739422385	-10.3125511	-10.433752	-10.5482752	-10.174269	0.374006213	0	0	0	0	0	0	3
54	82	0	0.753373751	-10.34826	-10.4385851	-10.5482752	-10.2923159	0.25595931	0	0	0	0	0	0	3
55	83	0	0.767325116	-10.3154797	-10.4392286	-10.5482752	-10.3125511	0.235724111	0	0	0	0	0	0	3
56	85	0	0.781276482	-10.3637209	-10.4389552	-10.5482752	-10.3125511	0.235724111	0	0	0	0	0	0	3
57	86	0	0.795227848	-10.3625024	-10.4364499	-10.5482752	-10.3125511	0.235724111	0	0	0	0	0	0	3
58	88	0	0.809179214	-10.3907257	-10.4334912	-10.5482752	-10.3125511	0.235724111	0	0	0	0	0	0	3
59	89	0	0.823130579	-10.3539771	-10.4287416	-10.5482752	-10.3125511	0.235724111	0	0	0	0	0	0	3
60	90	0	0.837081945	-10.399127	-10.4247952	-10.5482752	-10.3125511	0.235724111	0	0	0	0	0	0	3
61	92	0	0.851033311	-10.3765857	-10.420026	-10.5393876	-10.3125511	0.226836512	0	0	0	0	0	0	3
62	93	0	0.864984677	-10.3843457	-10.4157193	-10.5274703	-10.3125511	0.21491916	0	0	0	0	0	0	3
63	95	0	0.878936042	-10.3677388	-10.4112823	-10.5255222	-10.3125511	0.212971116	0	0	0	0	0	0	3
64	96	0	0.892887408	-10.3645546	-10.406811	-10.516322	-10.3125511	0.20377091	0	0	0	0	0	0	3
65	97	0	0.906838774	-10.3559199	-10.4023554	-10.5141379	-10.3125511	0.201586723	0	0	0	0	0	0	3
66	99	0	0.92079014	-10.3699184	-10.3983493	-10.5012564	-10.3125511	0.188705284	0	0	0	0	0	0	3
67	100	0	0.934741505	-10.3645043	-10.3946185	-10.5012564	-10.3125511	0.188705284	0	0	0	0	0	0	3
68	101	0	0.948692871	-10.3654051	-10.3908448	-10.4744484	-10.3125511	0.161897263	0	0	0	0	0	0	3
69	103	0	0.962644237	-10.365184	-10.3878097	-10.4714626	-10.3125511	0.158911456	0	0	0	0	0	0	3
70	104	0	0.976595603	-10.387695	-10.3854927	-10.4714626	-10.3125511	0.158911456	0	0	0	0	0	0	3
71	106	0	0.990546968	-10.3793514	-10.3830893	-10.4714626	-10.3125511	0.158911456	0	0	0	0	0	0	3
72	107	0	1.00449833	-10.3963511	-10.3810029	-10.4620132	-10.3125511	0.149462091	0.10111492	0	67.6	0	0	0	3
73	108	0	1.0184497	-10.3811025	-10.3787554	-10.4444106	-10.3125511	0.131859434	0.10111492	0	76.6	0	0	0	3
74	110	0	1.03240107	-10.4044283	-10.3776448	-10.4437349	-10.3125511	0.131183792	0.10111492	0	77	0	0	0	3
75	111	0	1.04635243	-10.3968978	-10.3763437	-10.4375157	-10.3125511	0.124964548	0.10111492	0	80.9	0	0	0	3
76	112	0	1.0603038	-10.3705995	-10.3748126	-10.4375157	-10.3125511	0.124964548	0.10111492	0	80.9	0	0	0	3
77	114	0	1.07425516	-10.3755872	-10.3731229	-10.4375157	-10.3125511	0.124964548	0.10111492	0	80.9	0	0	0	3
78	115	0	1.08820653	-10.3800156	-10.3718223	-10.4375157	-10.3125511	0.124964548	0.10111492	0	80.9	0	0	0	3
79	117	0	1.10215789	-10.3907904	-10.3705243	-10.4158888	-10.3125511	0.10333771	0.10111492	0	97.8	0	0	0	3
80	118	0	1.11610926	-10.3989178	-10.3700529	-10.4145767	-10.3125511	0.102025566	0.10111492	0	99.1	0	0	0	3
81	119	0	1.13006063	-10.4083292	-10.3701643	-10.4145767	-10.3125511	0.102025566	0.10111492	0	99.1	0	0	0	3
82	121	0	1.14401199	-10.4015137	-10.3698014	-10.4083292	-10.3125511	0.0957781091	0.10111492	0	100	0	0	0	3
83	122	0	1.15796336	-10.4014408	-10.3707065	-10.4083292	-10.3125511	0.0768458995	0.10111492	0	100	0	0	0	3
84	123	0	1.17191472	-10.4027182	-10.3718417	-10.4083292	-10.3125511	0.069427118	0.10111492	0	100	0	0	0	3
85	125	0	1.18586609	-10.4072011	-10.3737654	-10.4083292	-10.3125511	0.069427118	0.10111492	0	100	0	0	0	3
86	126	0	1.19981745	-10.3992285	-10.375421	-10.4083292	-10.3125511	0.069427118	0.10111492	0	100	0	0	0	3
87	128	0	1.21376882	-10.3996193	-10.3773636	-10.4083292	-10.3125511	0.069427118	0.10111492	0	100	0	0	0	3
88	129	0	1.22772019	-10.4012748	-10.3789879	-10.4083292	-10.3125511	0.069427118	0.10111492	0	100	0	0	0	3
89	130	0	1.24167155	-10.4039927	-10.3815279	-10.4083292	-10.3154797	0.069427118	0.10111492	0	100	0	0	0	3
90	132	0	1.25562292	-10.4057492	-10.3831248	-10.4083292	-10.3154797	0.069427118	0.10111492	0	100	0	0	0	3
91	133	0	1.26957428	-10.3999205	-10.3854704	-10.4083292	-10.3539771	0.0543521229	0.10111492	0	100	0	0	0	3
92	134	0	1.28352565	-10.4127577	-10.3868325	-10.4127577	-10.3539771	0.058780575	0.10111492	0	100	0	0	0	3
93	136	0	1.29747701	-10.4028788	-10.3879541	-10.4127577	-10.3539771	0.058780575	0.10111492	0	100	0	0	0	3
94	137	0	1.31142838	-10.4055184	-10.388365	-10.4127577	-10.3539771	0.058780575	0.10111492	0	100	0	0	0	3
95	138	0	1.32537975	-10.3993737	-10.389626	-10.4127577	-10.3559199	0.0549937439	0.10111492	0	100	0	0	0	3
96	140	0	1.33933111	-10.4035919	-10.3897501	-10.4127577	-10.3559199	0.0502245898	0.10111492	0	100	0	0	0	3
97	141	0	1.35328248	-10.4014843	-10.3904417	-10.4127577	-10.3559199	0.0459178704	0.10111492	0	100	0	0	0	3
98	143	0	1.36723384	-10.4042601	-10.3909949	-10.4127577	-10.3559199	0.0414808849	0.10111492	0	100	0	0	0	3
99	144	0	1.38118521	-10.4120518	-10.3922258	-10.4127577	-10.3559199	0.0370095605	0.10111492	0	100	0	0	0	3
100	145	0	1.39513658	-10.4052653	-10.3933566	-10.4127577	-10.3559199	0.0325539445	0.10111492	0	100	0	0	0	3
101	147	0	1.40908794	-10.4148161	-10.3949926	-10.4148161	-10.3645043	0.0285478477	0.10111492	0	100	0	0	0	3
102	148	0	1.42303931	-10.4064543	-10.3960075	-10.4148161	-10.3645043	0.0262060783	0.10111492	0	100	0	0	0	3
103	150	0	1.43699067	-10.4191115	-10.3975244	-10.4191115	-10.365184	0.0277229435	0.10111492	0	100	0	0	0	3
104	151	0	1.45094204	-10.4072355	-10.3986863	-10.4191115	-10.365184	0.0288848963	0.10111492	0	100	0	0	0	3
105	153	0	1.4648934	-10.4187564	-10.4001745	-10.4191115	-10.3705995	0.0303730181	0.10111492	0	100	0	0	0	3
106	154	0	1.47884477	-10.4095818	-10.4007824	-10.4191115	-10.3705995	0.030980985	0.10111492	0	100	0	0	0	3
107	155	0	1.49279614	-10.4159043	-10.4017978	-10.4191115	-10.3705995	0.0319963426	0.10111492	0	100	0	0	0	3
108	157	0	1.5067475	-10.4130533	-10.4022617	-10.4191115	-10.3705995	0.0324602913	0.10111492	0	100	0	0	0	3
109	158	0	1.52069887	-10.4101799	-10.4030694	-10.4191115	-10.3705995	0.0332679949	0.10111492	0	100	0	0	0	3
110	160	0	1.53465023	-10.414655	-10.4033535	-10.4191115	-10.3705995	0.0335520698	0.10111492	0	100	0	0	0	3
111	161	0	1.5486016	-10.4086279	-10.4036793	-10.4191115	-10.3705995	0.0338779049	0.10111492	0	100	0	0	0	3
112	162	0	1.56255296	-10.4158494	-10.4049363	-10.4191115	-10.3755872	0.0351348445	0.10111492	0	100	0	0	0	3
113	164	0	1.57650433	-10.4032756	-10.4057054	-10.4191115	-10.3800156	0.0359039676	0.10111492	0	100	0	0	0	3
114	165	0	1.5904557	-10.417287	-10.4067407	-10.4191115	-10.3907904	0.0283210856	0.10111492	0	100	0	0	0	3
115	166	0	1.60440706	-10.4029154	-10.4070775	-10.4191115	-10.3989178	0.0201936134	0.10111492	0	100	0	0	0	3
116	168	0	1.61835843	-10.4183774	-10.4076181	-10.4191115	-10.3992285	0.0198829101	0.10111492	0	100	0	0	0	3
117	169	0	1.63230979	-10.3981205	-10.4073345	-10.4191115	-10.3981205	0.0209909728	0.10111492	0	100	0	0	0	3
118	170	0	1.64626116	-10.419455	-10.4078329	-10.419455	-10.3981205	0.0213345107	0.10111492	0	100	0	0	0	3
119	172	0	1.66021252	-10.3988874	-10.4077619	-10.419455	-10.3981205	0.0213345107	0.10111492	0	100	0	0	0	3
120	173	0	1.67416389	-10.4206588	-10.4082603	-10.4206588	-10.3981205	0.0225383107	0.10111492	0	100	0	0	0	3
121	174	0	1.68811526	-10.3953698	-10.4079316	-10.4206588	-10.3953698	0.025289003	0.10111492	0	100	0	0	0	3
122	176	0	1.70206662	-10.421086	-10.4085388	-10.421086	-10.3953698	0.0257161815	0.10111492	0	100	0	0	0	3
123	177	0	1.71601799	-10.3963339	-10.4084475	-10.421086	-10.3953698	0.0257161815	0.10111492	0	100	0	0	0	3
124	178	0	1.72996935	-10.4236335	-10.4090686	-10.4236335	-10.3953698	0.0275407067	0.10111492	0	100	0	0	0	3
125	180	0	1.74392072	-10.3918769	-10.4087321	-10.4236335	-10.3918769	0.0259437841	0.10111492	0	100	0	0	0	3
126	181	0	1.75787208	-10.4225875	-10.4091998	-10.4236335	-10.3918769	0.0237293893	0.10111492	0	100	0	0	0	3
127	183	0	1.77182345	-10.3943595	-10.4090453	-10.4236335	-10.3918769	0.0223672548	0.10111492	0	100	0	0	0	3
128	184	0	1.78577482	-10.4246243	-10.4093749	-10.4246243	-10.3918769	0.0214208446	0.10111492	0	100	0	0	0	3
129	185	0	1.79972618	-10.3901415	-10.4090211	-10.4246243	-10.3901415	0.0210099376	0.10111492	0	100	0	0	0	3
130	187	0	1.81367755	-10.4234581	-10.4095195	-10.4246243	-10.3901415	0.0198934339	0.10111492	0	100	0	0	0	3
131	188	0	1.82762891	-10.3926643	-10.4093331	-10.4246243	-10.3901415	0.0197694085	0.10111492	0	100	0	0	0	3
132	189	0	1.84158028	-10.4302001	-10.4100722	-10.4302001	-10.3901415	0.0196305245	0.10111492	0	100	0	0	0	3
133	191	0	1.85553164	-10.3892499	-10.4097324	-10.4302001	-10.3892499	0.0190773466	0.10111492	0	100	0	0	0	3
134	192	0	1.86948301	-10.4298482	-10.4104431	-10.4302001	-10.3892499	0.018217368	0.10111492	0	100	0	0	0	3
135	193	0	1.88343438	-10.3916129	-10.4098754	-10.4302001	-10.3892499	0.0170865154	0.10111492	0	100	0	0	0	3
136	195	0	1.89738574	-10.4308331	-10.4105856	-10.4308331	-10.3892499	0.0155929775	0.10111492	0	100	0	0	0	3
137	196	0	1.91133711	-10.389721	-10.4098885	-10.4308331	-10.3892499	0.0145780905	0.10111492	0	100	0	0	0	3
138	197	0	1.92528847	-10.4309963	-10.4105702	-10.4309963	-10.3892499	0.0130612253	0.10111492	0	100	0	0	0	3
139	199	0	1.93923984	-10.3907095	-10.4097813	-10.4309963	-10.3892499	0.0118992724	0.10111492	0	100	0	0	0	3
140	200	0	1.95319121	-10.4309144	-10.410439	-10.4309963	-10.3892499	0.0104111507	0.10111492	0	100	0	0	0	3
141	201	0	1.96714257	-10.3886546	-10.4096029	-10.4309963	-10.3886546	0.00980318378	0.10111492	0	100	0	0	0	3
142	203	0	1.98109394	-10.4309578	-10.4101967	-10.4309963	-10.3886546	0.00878782616	0.10111492	0	100	0	0	0	3
143	204	0	1.9950453	-10.389891	-10.4094741	-10.4309963	-10.3886546	0.00832387752	0.10111492	0	100	0	0	0	3
144	206	0	2.00899667	-10.4315486	-10.4099878	-10.4315486	-10.3886546	0.00751617388	0.10111492	0	100	0	0	0	3
145	207	0	2.02294803	-10.3871763	-10.4093488	-10.4315486	-10.3871763	0.00723209895	0.10111492	0	100	0	0	0	3
146	208	0	2.0368994	-10.4318709	-10.4098271	-10.4318709	-10.3871763	0.00690626385	0.10111492	0	100	0	0	0	3
147	210	0	2.05085077	-10.387575	-10.4092423	-10.4318709	-10.3871763	0.00564932425	0.10111492	0	100	0	0	0	3
148	211	0	2.06480213	-10.4337093	-10.4097384	-10.4337093	-10.3871763	0.00488020121	0.10111492	0	100	0	0	0	3
149	212	0	2.0787535	-10.3838691	-10.4091993	-10.4337093	-10.3838691	0.00384488445	0.10111492	0	100	0	0	0	3
150	214	0	2.09270486	-10.4348538	-10.4096873	-10.4348538	-10.3838691	0.00350807736	0.10111492	0	100	0	0	0	3
151	215	0	2.10665623	-10.4071024	-10.4098036	-10.4348538	-10.3838691	0.00325110946	0.10111492	0	100	0	0	0	3
152	216	0	2.12060759	-10.4403004	-10.4104125	-10.4403004	-10.3838691	0.00325110946	0.10111492	0	100	0	0	0	3
153	218	0	2.13455896	-10.4162644	-10.4109165	-10.4403004	-10.3838691	0.00315459631	0.10111492	0	100	0	0	0	3
154	219	0	2.14851033	-10.4393844	-10.4114701	-10.4403004	-10.3838691	0.00370818971	0.10111492	0	100	0	0	0	3
155	220	0	2.16246169	-10.398706	-10.4114651	-10.4403004	-10.3838691	0.00353848765	0.10111492	0	100	0	0	0	3
156	222	0	2.17641306	-10.4144932	-10.4112938	-10.4403004	-10.3838691	0.00353848765	0.10111492	0	100	0	0	0	3
157	223	0	2.19036442	-10.4012319	-10.4114567	-10.4403004	-10.3838691	0.00302259955	0.10111492	0	100	0	0	0	3
158	224	0	2.20431579	-10.4173171	-10.411352	-10.4403004	-10.3838691	0.00302259955	0.10111492	0	100	0	0	0	3
159	226	0	2.21826715	-10.3974936	-10.4113842	-10.4403004	-10.3838691	0.00273807321	0.10111492	0	100	0	0	0	3
160	227	0	2.23221852	-10.413097	-10.4110915	-10.4403004	-10.3838691	0.00273807321	0.10111492	0	100	0	0	0	3
161	229	0	2.24616989	-10.3975597	-10.4112494	-10.4403004	-10.3838691	0.00244899713	0.10111492	0	100	0	0	0	3
162	230	0	2.26012125	-10.412404	-10.4109665	-10.4403004	-10.3838691	0.00244899713	0.10111492	0	100	0	0	0	3
163	231	0	2.27407262	-10.3981994	-10.4110731	-10.4403004	-10.3838691	0.00244899713	0.10111492	0	100	0	0	0	3
164	233	0	2.28802398	-10.4162928	-10.4108417	-10.4403004	-10.3838691	0.00244899713	0.10111492	0	100	0	0	0	3
165	234	0	2.30197535	-10.4052427	-10.4112612	-10.4403004	-10.3838691	0.00227083216	0.10111492	0	100	0	0	0	3
166	235	0	2.31592671	-10.4159146	-10.4110517	-10.4403004	-10.3838691	0.00227083216	0.10111492	0	100	0	0	0	3
167	237	0	2.32987808	-10.4006529	-10.4112736	-10.4403004	-10.3838691	0.00227083216	0.10111492	0	100	0	0	0	3
168	238	0	2.34382945	-10.4166325	-10.4108967	-10.4403004	-10.3838691	0.00227083216	0.10111492	0	100	0	0	0	3
169	239	0	2.35778081	-10.4087364	-10.411438	-10.4403004	-10.3838691	0.00227083216	0.10111492	0	100	0	0	0	3
170	241	0	2.37173218	-10.4228613	-10.4112439	-10.4403004	-10.3838691	0.00227083216	0.10111492	0	100	0	0	0	3
171	242	0	2.38568354	-10.4028502	-10.411556	-10.4403004	-10.3838691	0.00235673737	0.10111492	0	100	0	0	0	3
172	243	0	2.39963491	-10.4226386	-10.4113284	-10.4403004	-10.3838691	0.00235673737	0.10111492	0	100	0	0	0	3
173	245	0	2.41358627	-10.4065307	-10.4117954	-10.4403004	-10.3838691	0.0025960506	0.10111492	0	100	0	0	0	3
174	246	0	2.42753764	-10.4221485	-10.4115496	-10.4403004	-10.3838691	0.0025960506	0.10111492	0	100	0	0	0	3
175	248	0	2.44148901	-10.4019059	-10.4118606	-10.4403004	-10.3838691	0.0026612916	0.10111492	0	100	0	0	0	3
176	249	0	2.45544037	-10.4220126	-10.4116133	-10.4403004	-10.3838691	0.0026612916	0.10111492	0	100	0	0	0	3
177	250	0	2.46939174	-10.4060297	-10.412096	-10.4403004	-10.3838691	0.00289666174	0.10111492	0	100	0	0	0	3
178	252	0	2.4833431	-10.4219039	-10.4118445	-10.4403004	-10.3838691	0.00289666174	0.10111492	0	100	0	0	0	3
179	253	0	2.49729447	-10.4023522	-10.4121906	-10.4403004	-10.3838691	0.00299130965	0.10111492	0	100	0	0	0	3
180	254	0	2.51124584	-10.4226425	-10.4119432	-10.4403004	-10.3838691	0.00299130965	0.10111492	0	100	0	0	0	3
181	256	0	2.5251972	-10.4059735	-10.4124654	-10.4403004	-10.3838691	0.00326606093	0.10111492	0	100	0	0	0	3
182	257	0	2.53914857	-10.4171295	-10.4120559	-10.4403004	-10.3838691	0.00326606093	0.10111492	0	100	0	0	0	3
183	258	0	2.55309993	-10.3988813	-10.4123699	-10.4403004	-10.3838691	0.00326606093	0.10111492	0	100	0	0	0	3
184	260	0	2.5670513	-10.4201613	-10.4119936	-10.4403004	-10.3838691	0.00326606093	0.10111492	0	100	0	0	0	3
185	261	0	2.58100266	-10.4082026	-10.4126695	-10.4403004	-10.3974936	0.00298227324	0.10111492	0	100	0	0	0	3
186	263	0	2.59495403	-10.4250177	-10.4123963	-10.4403004	-10.3974936	0.00286596731	0.10111492	0	100	0	0	0	3
187	264	0	2.6089054	-10.4019741	-10.4122539	-10.4403004	-10.3974936	0.00225699628	0.10111492	0	100	0	0	0	3
188	265	0	2.62285676	-10.4190973	-10.4116649	-10.4393844	-10.3974936	0.00182781991	0.10111492	0	100	0	0	0	3
189	267	0	2.63680813	-10.4056148	-10.4113691	-10.4393844	-10.3974936	0.00182781991	0.10111492	0	100	0	0	0	3
190	268	0	2.65075949	-10.4225772	-10.4109022	-10.4250177	-10.3974936	0.00182781991	0.10111492	0	100	0	0	0	3
191	269	0	2.66471086	-10.4010124	-10.4109663	-10.4250177	-10.3974936	0.00182781991	0.10111492	0	100	0	0	0	3
192	271	0	2.67866222	-10.4189283	-10.4110895	-10.4250177	-10.3974936	0.00182781991	0.10111492	0	100	0	0	0	3
193	272	0	2.69261359	-10.4046389	-10.4111841	-10.4250177	-10.3974936	0.00182781991	0.10111492	0	100	0	0	0	3
194	274	0	2.70656496	-10.4225604	-10.4113297	-10.4250177	-10.3974936	0.00182781991	0.10111492	0	100	0	0	0	3
195	275	0	2.72051632	-10.4108632	-10.4117011	-10.4250177	-10.3975597	0.00182781991	0.10111492	0	100	0	0	0	3
196	276	0	2.73446769	-10.4196833	-10.4118841	-10.4250177	-10.3975597	0.00182781991	0.10111492	0	100	0	0	0	3
197	278	0	2.74841905	-10.4014929	-10.4119933	-10.4250177	-10.3981994	0.00182781991	0.10111492	0	100	0	0	0	3
198	279	0	2.76237042	-10.4193544	-10.4121864	-10.4250177	-10.3981994	0.00182781991	0.10111492	0	100	0	0	0	3
199	280	0	2.77632178	-10.4063085	-10.4124117	-10.4250177	-10.3988813	0.00182781991	0.10111492	0	100	0	0	0	3
200	282	0	2.79027315	-10.4224424	-10.4125825	-10.4250177	-10.3988813	0.00177285685	0.10111492	0	100	0	0	0	3
201	283	0	2.80422452	-10.4006652	-10.4124553	-10.4250177	-10.3988813	0.00177285685	0.10111492	0	100	0	0	0	3
202	285	0	2.81817588	-10.4207501	-10.4125896	-10.4250177	-10.3988813	0.00177285685	0.10111492	0	100	0	0	0	3
203	286	0	2.83212725	-10.4075417	-10.412781	-10.4250177	-10.3988813	0.00188431817	0.10111492	0	100	0	0	0	3
204	288	0	2.84607861	-10.4237775	-10.4129795	-10.4250177	-10.3988813	0.00207727203	0.10111492	0	100	0	0	0	3
205	289	0	2.86002998	-10.4034294	-10.4128321	-10.4250177	-10.3988813	0.00207727203	0.10111492	0	100	0	0	0	3
206	290	0	2.87398134	-10.4220109	-10.4128084	-10.4250177	-10.3988813	0.00207727203	0.10111492	0	100	0	0	0	3
207	292	0	2.88793271	-10.4081674	-10.4129561	-10.4250177	-10.3988813	0.00207727203	0.10111492	0	100	0	0	0	3
208	293	0	2.90188408	-10.4248256	-10.4130169	-10.4250177	-10.3988813	0.00211468047	0.10111492	0	100	0	0	0	3
209	294	0	2.91583544	-10.4123052	-10.4131773	-10.4250177	-10.3988813	0.00227508427	0.10111492	0	100	0	0	0	3
210	296	0	2.92978681	-10.4278959	-10.4133369	-10.4278959	-10.3988813	0.00243473427	0.10111492	0	100	0	0	0	3
211	297	0	2.94373817	-10.4034096	-10.4133787	-10.4278959	-10.3988813	0.00247650196	0.10111492	0	100	0	0	0	3
212	299	0	2.95768954	-10.4346226	-10.413729	-10.4346226	-10.3988813	0.0028267803	0.10111492	0	100	0	0	0	3
213	300	0	2.9716409	-10.4142714	-10.4139579	-10.4346226	-10.3988813	0.00305571809	0.10111492	0	100	0	0	0	3
214	301	0	2.98559227	-10.4598452	-10.4150118	-10.4598452	-10.3988813	0.00410964305	0.10111492	0	100	0	0	0	3
215	303	0	2.99954364	-10.4044237	-10.4150694	-10.4598452	-10.3988813	0.00416718476	0.10111492	0	100	0	0	0	3
216	304	0	3.013495	-10.4690654	-10.4163589	-10.4690654	-10.3988813	0.00545671142	0.10111492	0	100	0	0	0	3
217	305	0	3.02744637	-10.4017214	-10.4162408	-10.4690654	-10.3988813	0.00545671142	0.10111492	0	100	0	0	0	3
218	307	0	3.04139773	-10.4499434	-10.4171523	-10.4690654	-10.3988813	0.00625009733	0.10111492	0	100	0	0	0	3
219	308	0	3.0553491	-10.3659356	-10.4162371	-10.4690654	-10.3659356	0.00625009733	0.10111492	0	100	0	0	0	3
220	310	0	3.06930047	-10.4163458	-10.4161312	-10.4690654	-10.3659356	0.00625009733	0.10111492	0	100	0	0	0	3
221	311	0	3.08325183	-10.365427	-10.4149429	-10.4690654	-10.365427	0.00625009733	0.10111492	0	100	0	0	0	3
222	312	0	3.0972032	-10.4150269	-10.4146654	-10.4690654	-10.365427	0.00625009733	0.10111492	0	100	0	0	0	3
223	314	0	3.11115456	-10.3885121	-10.4142915	-10.4690654	-10.365427	0.00625009733	0.10111492	0	100	0	0	0	3
224	315	0	3.12510593	-10.3879341	-10.4134258	-10.4690654	-10.365427	0.00625009733	0.10111492	0	100	0	0	0	3
225	316	0	3.13905729	-10.3842815	-10.4128332	-10.4690654	-10.365427	0.00625009733	0.10111492	0	100	0	0	0	3
226	318	0	3.15300866	-10.3892019	-10.4119061	-10.4690654	-10.365427	0.00618602873	0.10111492	0	100	0	0	0	3
227	319	0	3.16696003	-10.3853626	-10.4114714	-10.4690654	-10.365427	0.00606283183	0.10111492	0	100	0	0	0	3
228	320	0	3.18091139	-10.3853713	-10.4105393	-10.4690654	-10.365427	0.00661300867	0.10111492	0	100	0	0	0	3
229	322	0	3.19486276	-10.3808481	-10.4098784	-10.4690654	-10.365427	0.0072738639	0.10111492	0	100	0	0	0	3
230	323	0	3.20881412	-10.4373081	-10.4102881	-10.4690654	-10.365427	0.0072738639	0.10111492	0	100	0	0	0	3
231	325	0	3.22276549	-10.375751	-10.4093128	-10.4690654	-10.365427	0.00783954419	0.10111492	0	100	0	0	0	3
232	326	0	3.23671685	-10.4298451	-10.409595	-10.4690654	-10.365427	0.00783954419	0.10111492	0	100	0	0	0	3
233	327	0	3.25066822	-10.379476	-10.4089834	-10.4690654	-10.365427	0.00816885306	0.10111492	0	100	0	0	0	3
234	329	0	3.26461959	-10.4021157	-10.4085046	-10.4690654	-10.365427	0.00864770742	0.10111492	0	100	0	0	0	3
235	330	0	3.27857095	-10.3929385	-10.4081332	-10.4690654	-10.365427	0.00901909737	0.10111492	0	100	0	0	0	3
236	331	0	3.29252232	-10.4046147	-10.407638	-10.4690654	-10.365427	0.00951431151	0.10111492	0	100	0	0	0	3
237	333	0	3.30647368	-10.4005116	-10.4076337	-10.4690654	-10.365427	0.0095185779	0.10111492	0	100	0	0	0	3
238	334	0	3.32042505	-10.395	-10.4069184	-10.4690654	-10.365427	0.0102338579	0.10111492	0	100	0	0	0	3
239	335	0	3.33437641	-10.4019023	-10.4067618	-10.4690654	-10.365427	0.0103905085	0.10111492	0	100	0	0	0	3
240	337	0	3.34832778	-10.4012372	-10.4061357	-10.4690654	-10.365427	0.0110166271	0.10111492	0	100	0	0	0	3
241	338	0	3.36227915	-10.4189699	-10.4065674	-10.4690654	-10.365427	0.0110166271	0.10111492	0	100	0	0	0	3
242	339	0	3.37623051	-10.3972028	-10.4058782	-10.4690654	-10.365427	0.0112740564	0.10111492	0	100	0	0	0	3
243	341	0	3.39018188	-10.4243351	-10.4063273	-10.4690654	-10.365427	0.0112740564	0.10111492	0	100	0	0	0	3
244	342	0	3.40413324	-10.4125088	-10.4059852	-10.4690654	-10.365427	0.0112740564	0.10111492	0	100	0	0	0	3
245	344	0	3.41808461	-10.4153614	-10.4060701	-10.4690654	-10.365427	0.0112740564	0.10111492	0	100	0	0	0	3
246	345	0	3.43203597	-10.4095537	-10.4055606	-10.4690654	-10.365427	0.0115916999	0.10111492	0	100	0	0	0	3
247	346	0	3.44598734	-10.4093631	-10.405726	-10.4690654	-10.365427	0.0115916999	0.10111492	0	100	0	0	0	3
248	348	0	3.45993871	-10.4077232	-10.4049788	-10.4690654	-10.365427	0.012173528	0.10111492	0	100	0	0	0	3
249	349	0	3.47389007	-10.4067316	-10.4047693	-10.4690654	-10.365427	0.0123829692	0.10111492	0	100	0	0	0	3
250	350	0	3.48784144	-10.4025347	-10.4031774	-10.4690654	-10.365427	0.0139749269	0.10111492	0	100	0	0	0	3
251	352	0	3.5017928	-10.4078815	-10.4032734	-10.4690654	-10.365427	0.0139749269	0.10111492	0	100	0	0	0	3
252	353	0	3.51574417	-10.3995044	-10.4013412	-10.4499434	-10.365427	0.0158111291	0.10111492	0	100	0	0	0	3
253	354	0	3.52969553	-10.4027436	-10.4013696	-10.4499434	-10.365427	0.0158111291	0.10111492	0	100	0	0	0	3
254	356	0	3.5436469	-10.3890227	-10.3996773	-10.4373081	-10.365427	0.0165598209	0.10111492	0	100	0	0	0	3
255	357	0	3.55759827	-10.3920835	-10.4004036	-10.4373081	-10.365427	0.016453834	0.10111492	0	100	0	0	0	3
256	358	0	3.57154963	-10.3647893	-10.3989715	-10.4373081	-10.3647893	0.0159714173	0.10111492	0	100	0	0	0	3
257	360	0	3.585501	-10.3974963	-10.3998623	-10.4373081	-10.3647893	0.0156938959	0.10111492	0	100	0	0	0	3
258	361	0	3.59945236	-10.3668442	-10.3985239	-10.4373081	-10.3647893	0.0157675441	0.10111492	0	100	0	0	0	3
259	362	0	3.61340373	-10.3956434	-10.398722	-10.4373081	-10.3647893	0.0149018992	0.10111492	0	100	0	0	0	3
260	364	0	3.6273551	-10.3704606	-10.3982366	-10.4373081	-10.3647893	0.0145965868	0.10111492	0	100	0	0	0	3
261	365	0	3.64130646	-10.3908516	-10.3984192	-10.4373081	-10.3647893	0.0136694939	0.10111492	0	100	0	0	0	3
262	367	0	3.65525783	-10.3759268	-10.3980504	-10.4373081	-10.3647893	0.0134210258	0.10111492	0	100	0	0	0	3
263	368	0	3.66920919	-10.3943352	-10.3982996	-10.4373081	-10.3647893	0.0124888874	0.10111492	0	100	0	0	0	3
264	369	0	3.68316056	-10.3830796	-10.398236	-10.4373081	-10.3647893	0.012237692	0.10111492	0	100	0	0	0	3
265	371	0	3.69711192	-10.3914991	-10.3985318	-10.4373081	-10.3647893	0.012237692	0.10111492	0	100	0	0	0	3
266	372	0	3.71106329	-10.387112	-10.3971375	-10.4298451	-10.3647893	0.0124575192	0.10111492	0	100	0	0	0	3
267	373	0	3.72501466	-10.3886084	-10.3974947	-10.4298451	-10.3647893	0.0124575192	0.10111492	0	100	0	0	0	3
268	375	0	3.73896602	-10.3914433	-10.3964279	-10.4243351	-10.3647893	0.0125555043	0.10111492	0	100	0	0	0	3
269	376	0	3.75291739	-10.3892894	-10.3967005	-10.4243351	-10.3647893	0.01207665	0.10111492	0	100	0	0	0	3
270	378	0	3.76686875	-10.3889271	-10.3963342	-10.4243351	-10.3647893	0.0117990148	0.10111492	0	100	0	0	0	3
271	379	0	3.78082012	-10.3908204	-10.3962753	-10.4243351	-10.3647893	0.0113626375	0.10111492	0	100	0	0	0	3
272	380	0	3.79477148	-10.3898871	-10.3958662	-10.4243351	-10.3647893	0.0117674714	0.10111492	0	100	0	0	0	3
273	382	0	3.80872285	-10.3914413	-10.3956143	-10.4243351	-10.3647893	0.0113041432	0.10111492	0	100	0	0	0	3
274	383	0	3.82267422	-10.3914268	-10.395515	-10.4243351	-10.3647893	0.0112467491	0.10111492	0	100	0	0	0	3
275	384	0	3.83662558	-10.3933576	-10.3952777	-10.4243351	-10.3647893	0.0112896641	0.10111492	0	100	0	0	0	3
276	386	0	3.85057695	-10.3919565	-10.3950199	-10.4243351	-10.3647893	0.011547463	0.10111492	0	100	0	0	0	3
277	387	0	3.86452831	-10.3955972	-10.3943706	-10.4243351	-10.3647893	0.0119566958	0.10111492	0	100	0	0	0	3
278	388	0	3.87847968	-10.392068	-10.394228	-10.4243351	-10.3647893	0.0120993313	0.10111492	0	100	0	0	0	3
279	390	0	3.89243104	-10.4109226	-10.3938554	-10.4153614	-10.3647893	0.0122146603	0.10111492	0	100	0	0	0	3
280	391	0	3.90638241	-10.4137696	-10.3938905	-10.4153614	-10.3647893	0.0122146603	0.10111492	0	100	0	0	0	3
281	392	0	3.92033378	-10.4154834	-10.3938939	-10.4154834	-10.3647893	0.011870531	0.10111492	0	100	0	0	0	3
282	394	0	3.93428514	-10.4205862	-10.3942003	-10.4205862	-10.3647893	0.011870531	0.10111492	0	100	0	0	0	3
283	395	0	3.94823651	-10.4140423	-10.3943303	-10.4205862	-10.3647893	0.0111233258	0.10111492	0	100	0	0	0	3
284	397	0	3.96218787	-10.4219363	-10.3947251	-10.4219363	-10.3647893	0.0109138846	0.10111492	0	100	0	0	0	3
285	398	0	3.97613924	-10.4162338	-10.394989	-10.4219363	-10.3647893	0.00941797626	0.10111492	0	100	0	0	0	3
286	399	0	3.9900906	-10.4184335	-10.3954307	-10.4219363	-10.3647893	0.00941797626	0.10111492	0	100	0	0	0	3
287	401	0	4.00404197	-10.4180238	-10.3957124	-10.4219363	-10.3647893	0.00751411745	0.10111492	0	100	0	0	0	3
