Iteration	CPUTime	PhysTime	Travels	Value	AvValue	MinValue	MaxValue	Delta	Criteria	Progress	dGMaxMin	CriteriaType	CriteriaVarType	CriteriaPercentage
1	8	0	0.0139513658	105255.72	105255.72	105255.72	105255.72	0	0	0	0	7912.82	0	0	3
2	10	0	0.0279027315	102315.4	103785.56	102315.4	105255.72	1470.15967	0	0	0	1901.4	0	0	3
3	11	0	0.0418540973	101716.93	103096.017	101716.93	105255.72	2159.70318	0	0	0	1048.3	0	0	3
4	13	0	0.055805463	101626.938	102728.747	101626.938	105255.72	2526.97292	0	0	0	975.984	0	0	3
5	14	0	0.0697568288	101576.939	102498.385	101576.939	105255.72	2757.33444	0	0	0	846.185	0	0	3
6	16	0	0.0837081945	101548.962	102340.148	101548.962	105255.72	2915.57163	0	0	0	741.972	0	0	3
7	17	0	0.0976595603	101518.765	102222.808	101518.765	105255.72	3032.91203	0	0	0	645.245	0	0	3
8	18	0	0.111610926	101495.823	102131.935	101495.823	105255.72	3123.78517	0	0	0	583.486	0	0	3
9	20	0	0.125562292	101463.633	102057.679	101463.633	105255.72	3198.04092	0	0	0	550.346	0	0	3
10	21	0	0.139513658	101463.638	101998.275	101463.633	105255.72	3257.44502	0	0	0	568.714	0	0	3
11	22	0	0.153465023	101463.655	101949.673	101463.633	105255.72	3306.04681	0	0	0	583.901	0	0	3
12	23	0	0.167416389	101463.668	101909.173	101463.633	105255.72	3346.5472	0	0	0	600.535	0	0	3
13	25	0	0.181367755	101463.672	101874.903	101463.633	105255.72	3380.8165	0	0	0	616.795	0	0	3
14	26	0	0.195319121	101463.682	101845.53	101463.633	105255.72	3410.18942	0	0	0	632.58	0	0	3
15	27	0	0.209270486	101463.696	101820.075	101463.633	105255.72	3435.64507	0	0	0	648.179	0	0	3
16	29	0	0.223221852	101463.702	101797.801	101463.633	105255.72	3457.91838	0	0	0	659.511	0	0	3
17	30	0	0.237173218	101463.716	101778.149	101463.633	105255.72	3477.57045	0	0	0	670.105	0	0	3
18	32	0	0.251124584	101463.728	101760.681	101463.633	105255.72	3495.0383	0	0	0	680.537	0	0	3
19	33	0	0.265075949	101463.74	101745.053	101463.633	105255.72	3510.6668	0	0	0	690.868	0	0	3
20	34	0	0.279027315	101463.751	101730.988	101463.633	105255.72	3524.73188	0	0	0	700.996	0	0	3
21	36	0	0.292978681	101463.759	101718.263	101463.633	105255.72	3537.45706	0	0	0	707.747	0	0	3
22	37	0	0.306930047	101463.768	101706.695	101463.633	105255.72	3549.02502	0	0	0	714.352	0	0	3
23	38	0	0.320881412	101463.775	101696.133	101463.633	105255.72	3559.58674	0	0	0	721.169	0	0	3
24	40	0	0.334832778	101463.782	101686.452	101463.633	105255.72	3569.26803	0	0	0	727.975	0	0	3
25	41	0	0.348784144	101463.786	101677.545	101463.633	105255.72	3578.17464	0	0	0	734.703	0	0	3
26	43	0	0.36273551	101463.788	101669.324	101463.633	105255.72	3586.39607	0	0	0	739.68	0	0	3
27	44	0	0.376686875	101463.789	101661.711	101463.633	105255.72	3594.00845	0	0	0	744.605	0	0	3
28	45	0	0.390638241	101463.79	101654.643	101463.633	105255.72	3601.07708	0	0	0	749.575	0	0	3
29	47	0	0.404589607	101463.788	101648.061	101463.633	105255.72	3607.65829	0	0	0	754.575	0	0	3
30	48	0	0.418540973	101463.784	101641.919	101463.633	105255.72	3613.80086	0	0	0	759.656	0	0	3
31	50	0	0.432492338	101463.783	101636.173	101463.633	105255.72	3619.54718	0	0	0	762.879	0	0	3
32	51	0	0.446443704	101463.782	101630.785	101463.633	105255.72	3624.93438	0	0	0	766.08	0	0	3
33	52	0	0.46039507	101463.785	101625.725	101463.633	105255.72	3629.99501	0	0	0	769.206	0	0	3
34	54	0	0.474346436	101463.794	101620.962	101463.633	105255.72	3634.75769	0	0	0	772.522	0	0	3
35	55	0	0.488297801	101463.808	101616.472	101463.633	105255.72	3639.24781	0	0	0	775.828	0	0	3
36	57	0	0.502249167	101463.823	101612.232	101463.633	105255.72	3643.48806	0	0	0	778.07	0	0	3
37	58	0	0.516200533	101463.843	101506.902	101463.633	102315.4	851.767646	0	0	0	780.257	0	0	3
38	60	0	0.530151899	101463.859	101483.248	101463.633	101716.93	253.29677	0	0	0	782.389	0	0	3
39	61	0	0.544103264	101463.871	101476.218	101463.633	101626.938	163.304866	0	0	0	784.506	0	0	3
40	63	0	0.55805463	101463.88	101471.689	101463.633	101576.939	113.306426	0	0	0	786.539	0	0	3
41	64	0	0.572005996	101463.885	101468.549	101463.633	101548.962	85.3294342	0	0	0	787.897	0	0	3
42	65	0	0.585957362	101463.891	101466.186	101463.633	101518.765	55.1325218	0	0	0	789.22	0	0	3
43	67	0	0.599908727	101463.897	101464.661	101463.633	101495.823	32.1898921	0	0	0	790.481	0	0	3
44	68	0	0.613860093	101463.902	101463.775	101463.633	101463.902	0.269033481	0	0	0	791.695	0	0	3
45	70	0	0.627811459	101463.904	101463.782	101463.638	101463.904	0.266502042	0	0	0	792.878	0	0	3
46	71	0	0.641762825	101463.907	101463.79	101463.655	101463.907	0.252215294	0	0	0	794.103	0	0	3
47	72	0	0.65571419	101463.91	101463.797	101463.668	101463.91	0.241940161	0	0	0	795.322	0	0	3
48	74	0	0.669665556	101463.912	101463.804	101463.672	101463.912	0.240610759	0	0	0	796.5	0	0	3
49	75	0	0.683616922	101463.915	101463.81	101463.682	101463.915	0.232880367	0	0	0	797.623	0	0	3
50	77	0	0.697568288	101463.917	101463.817	101463.696	101463.917	0.221806196	0	0	0	798.769	0	0	3
51	78	0	0.711519653	101463.92	101463.823	101463.702	101463.92	0.218130833	0	0	0	799.934	0	0	3
52	79	0	0.725471019	101463.922	101463.829	101463.716	101463.922	0.205259448	0	0	0	801.119	0	0	3
53	81	0	0.739422385	101463.922	101463.835	101463.728	101463.922	0.194160651	0	0	0	802.283	0	0	3
54	82	0	0.753373751	101463.922	101463.84	101463.74	101463.922	0.182020323	0	0	0	803.488	0	0	3
55	83	0	0.767325116	101463.921	101463.845	101463.751	101463.922	0.170631823	0	0	0	804.689	0	0	3
56	85	0	0.781276482	101463.92	101463.85	101463.759	101463.922	0.162936037	0	0	0	805.9	0	0	3
57	86	0	0.795227848	101463.919	101463.855	101463.768	101463.922	0.154378525	0	0	0	807.059	0	0	3
58	88	0	0.809179214	101463.918	101463.859	101463.775	101463.922	0.146988873	0	0	0	808.291	0	0	3
59	89	0	0.823130579	101463.916	101463.863	101463.782	101463.922	0.139906646	0	0	0	809.515	0	0	3
60	90	0	0.837081945	101463.913	101463.866	101463.782	101463.922	0.139906646	0	0	0	810.684	0	0	3
61	92	0	0.851033311	101463.909	101463.87	101463.782	101463.922	0.139906646	0	0	0	811.864	0	0	3
62	93	0	0.864984677	101463.906	101463.873	101463.782	101463.922	0.139906646	0	0	0	813.045	0	0	3
63	95	0	0.878936042	101463.902	101463.876	101463.782	101463.922	0.139906646	0	0	0	814.231	0	0	3
64	96	0	0.892887408	101463.899	101463.879	101463.782	101463.922	0.139906646	0	0	0	815.417	0	0	3
65	97	0	0.906838774	101463.896	101463.882	101463.782	101463.922	0.139906646	0	0	0	816.592	0	0	3
66	99	0	0.92079014	101463.892	101463.885	101463.782	101463.922	0.139906646	0	0	0	817.795	0	0	3
67	100	0	0.934741505	101463.889	101463.888	101463.782	101463.922	0.139906646	0	0	0	818.981	0	0	3
68	101	0	0.948692871	101463.886	101463.891	101463.785	101463.922	0.137421407	0	0	0	820.196	0	0	3
69	103	0	0.962644237	101463.882	101463.894	101463.794	101463.922	0.128390597	0	0	0	821.452	0	0	3
70	104	0	0.976595603	101463.88	101463.896	101463.808	101463.922	0.114211144	0	0	0	822.659	0	0	3
71	106	0	0.990546968	101463.877	101463.898	101463.823	101463.922	0.0988160757	0	0	0	823.85	0	0	3
72	107	0	1.00449833	101463.875	101463.899	101463.843	101463.922	0.0790835132	7.59890309	0	100	825.041	0	0	3
73	108	0	1.0184497	101463.873	101463.9	101463.859	101463.922	0.0630155991	7.59890309	0	100	826.224	0	0	3
74	110	0	1.03240107	101463.87	101463.901	101463.87	101463.922	0.0515952961	7.59890309	0	100	827.409	0	0	3
75	111	0	1.04635243	101463.869	101463.901	101463.869	101463.922	0.0534869548	7.59890309	0	100	828.591	0	0	3
76	112	0	1.0603038	101463.867	101463.9	101463.867	101463.922	0.0553658428	7.59890309	0	100	829.923	0	0	3
77	114	0	1.07425516	101463.865	101463.9	101463.865	101463.922	0.057328613	7.59890309	0	100	831.198	0	0	3
78	115	0	1.08820653	101463.863	101463.899	101463.863	101463.922	0.0591807796	7.59890309	0	100	832.57	0	0	3
79	117	0	1.10215789	101463.861	101463.898	101463.861	101463.922	0.0607099754	7.59890309	0	100	833.878	0	0	3
80	118	0	1.11610926	101463.86	101463.897	101463.86	101463.922	0.0622114543	7.59890309	0	100	835.251	0	0	3
81	119	0	1.13006063	101463.859	101463.895	101463.859	101463.922	0.063147416	7.59890309	0	100	836.569	0	0	3
82	121	0	1.14401199	101463.858	101463.894	101463.858	101463.922	0.0643704496	7.59890309	0	100	837.927	0	0	3
83	122	0	1.15796336	101463.857	101463.893	101463.857	101463.922	0.0651553733	7.59890309	0	100	839.259	0	0	3
84	123	0	1.17191472	101463.856	101463.891	101463.856	101463.922	0.066299427	7.59890309	0	100	840.611	0	0	3
85	125	0	1.18586609	101463.855	101463.889	101463.855	101463.922	0.0667370144	7.59890309	0	100	841.941	0	0	3
86	126	0	1.19981745	101463.854	101463.888	101463.854	101463.922	0.0677990043	7.59890309	0	100	843.282	0	0	3
87	128	0	1.21376882	101463.854	101463.886	101463.854	101463.922	0.0681232782	7.59890309	0	100	844.593	0	0	3
88	129	0	1.22772019	101463.853	101463.884	101463.853	101463.922	0.0656050526	7.59890309	0	100	845.954	0	0	3
89	130	0	1.24167155	101463.852	101463.882	101463.852	101463.922	0.060215626	7.59890309	0	100	847.265	0	0	3
90	132	0	1.25562292	101463.851	101463.88	101463.851	101463.921	0.0551866315	7.59890309	0	100	848.659	0	0	3
91	133	0	1.26957428	101463.851	101463.878	101463.851	101463.92	0.0504979601	7.59890309	0	100	850.147	0	0	3
92	134	0	1.28352565	101463.85	101463.876	101463.85	101463.919	0.046053073	7.59890309	0	100	851.526	0	0	3
93	136	0	1.29747701	101463.849	101463.874	101463.849	101463.918	0.041883825	7.59890309	0	100	853.008	0	0	3
94	137	0	1.31142838	101463.848	101463.872	101463.848	101463.916	0.0379703811	7.59890309	0	100	854.271	0	0	3
95	138	0	1.32537975	101463.848	101463.87	101463.848	101463.913	0.0343281675	7.59890309	0	100	855.737	0	0	3
96	140	0	1.33933111	101463.847	101463.868	101463.847	101463.909	0.0321743601	7.59890309	0	100	856.993	0	0	3
97	141	0	1.35328248	101463.846	101463.867	101463.846	101463.906	0.0339272993	7.59890309	0	100	858.311	0	0	3
98	143	0	1.36723384	101463.845	101463.865	101463.845	101463.902	0.0356130755	7.59890309	0	100	859.733	0	0	3
99	144	0	1.38118521	101463.845	101463.863	101463.845	101463.899	0.0372075648	7.59890309	0	100	861.385	0	0	3
100	145	0	1.39513658	101463.844	101463.862	101463.844	101463.896	0.0387420953	7.59890309	0	100	862.789	0	0	3
101	147	0	1.40908794	101463.844	101463.86	101463.844	101463.892	0.0401894215	7.59890309	0	100	864.213	0	0	3
102	148	0	1.42303931	101463.843	101463.859	101463.843	101463.889	0.0415601153	7.59890309	0	100	865.6	0	0	3
103	150	0	1.43699067	101463.843	101463.858	101463.843	101463.886	0.0428385035	7.59890309	0	100	867.044	0	0	3
104	151	0	1.45094204	101463.842	101463.857	101463.842	101463.882	0.0405328221	7.59890309	0	100	868.423	0	0	3
105	153	0	1.4648934	101463.842	101463.855	101463.842	101463.88	0.0381667277	7.59890309	0	100	870.019	0	0	3
106	154	0	1.47884477	101463.841	101463.854	101463.841	101463.877	0.0357867368	7.59890309	0	100	871.596	0	0	3
107	155	0	1.49279614	101463.841	101463.853	101463.841	101463.875	0.0337487759	7.59890309	0	100	873.227	0	0	3
108	157	0	1.5067475	101463.841	101463.852	101463.841	101463.873	0.0319367878	7.59890309	0	100	874.642	0	0	3
109	158	0	1.52069887	101463.84	101463.851	101463.84	101463.87	0.0299112332	7.59890309	0	100	876.209	0	0	3
110	160	0	1.53465023	101463.84	101463.851	101463.84	101463.869	0.0285959212	7.59890309	0	100	877.657	0	0	3
111	161	0	1.5486016	101463.84	101463.85	101463.84	101463.867	0.0267170332	7.59890309	0	100	879.22	0	0	3
112	162	0	1.56255296	101463.84	101463.849	101463.84	101463.865	0.0248551072	7.59890309	0	100	880.674	0	0	3
113	164	0	1.57650433	101463.84	101463.848	101463.84	101463.863	0.0230029406	7.59890309	0	100	882.201	0	0	3
114	165	0	1.5904557	101463.84	101463.848	101463.84	101463.861	0.021606097	7.59890309	0	100	883.66	0	0	3
115	166	0	1.60440706	101463.84	101463.847	101463.84	101463.86	0.0201046181	7.59890309	0	100	885.205	0	0	3
116	168	0	1.61835843	101463.839	101463.847	101463.839	101463.859	0.0194309285	7.59890309	0	100	886.665	0	0	3
117	169	0	1.63230979	101463.84	101463.846	101463.839	101463.858	0.018207895	7.59890309	0	100	888.187	0	0	3
118	170	0	1.64626116	101463.84	101463.846	101463.839	101463.857	0.0174229712	7.59890309	0	100	889.643	0	0	3
119	172	0	1.66021252	101463.84	101463.845	101463.839	101463.856	0.0162789176	7.59890309	0	100	891.035	0	0	3
120	173	0	1.67416389	101463.84	101463.845	101463.839	101463.855	0.0158413302	7.59890309	0	100	892.62	0	0	3
121	174	0	1.68811526	101463.84	101463.844	101463.839	101463.854	0.0147793403	7.59890309	0	100	893.902	0	0	3
122	176	0	1.70206662	101463.839	101463.844	101463.839	101463.854	0.0148310376	7.59890309	0	100	895.13	0	0	3
123	177	0	1.71601799	101463.839	101463.843	101463.839	101463.853	0.0138172084	7.59890309	0	100	896.408	0	0	3
124	178	0	1.72996935	101463.839	101463.843	101463.839	101463.852	0.0135527589	7.59890309	0	100	897.623	0	0	3
125	180	0	1.74392072	101463.839	101463.843	101463.839	101463.851	0.0124545963	7.59890309	0	100	899.041	0	0	3
126	181	0	1.75787208	101463.839	101463.842	101463.839	101463.851	0.0120821446	7.59890309	0	100	900.279	0	0	3
127	183	0	1.77182345	101463.839	101463.842	101463.839	101463.85	0.0110296561	7.59890309	0	100	901.707	0	0	3
128	184	0	1.78577482	101463.839	101463.842	101463.839	101463.849	0.0107262607	7.59890309	0	100	902.944	0	0	3
129	185	0	1.79972618	101463.838	101463.841	101463.838	101463.848	0.00977553098	7.59890309	0	100	904.342	0	0	3
130	187	0	1.81367755	101463.838	101463.841	101463.838	101463.848	0.00960862258	7.59890309	0	100	905.599	0	0	3
131	188	0	1.82762891	101463.838	101463.841	101463.838	101463.847	0.00877411742	7.59890309	0	100	907	0	0	3
132	189	0	1.84158028	101463.838	101463.841	101463.838	101463.846	0.00875244728	7.59890309	0	100	908.418	0	0	3
133	191	0	1.85553164	101463.838	101463.84	101463.838	101463.845	0.00770535534	7.59890309	0	100	909.652	0	0	3
134	192	0	1.86948301	101463.837	101463.84	101463.837	101463.845	0.00778776914	7.59890309	0	100	911.064	0	0	3
135	193	0	1.88343438	101463.837	101463.84	101463.837	101463.844	0.00697754778	7.59890309	0	100	912.333	0	0	3
136	195	0	1.89738574	101463.837	101463.84	101463.837	101463.844	0.00687066067	7.59890309	0	100	913.412	0	0	3
137	196	0	1.91133711	101463.837	101463.839	101463.837	101463.843	0.00614352012	7.59890309	0	100	914.503	0	0	3
138	197	0	1.92528847	101463.837	101463.839	101463.837	101463.843	0.00580181817	7.59890309	0	100	915.58	0	0	3
139	199	0	1.93923984	101463.838	101463.839	101463.837	101463.842	0.00509335025	7.59890309	0	100	916.684	0	0	3
140	200	0	1.95319121	101463.837	101463.839	101463.837	101463.842	0.00497099469	7.59890309	0	100	917.928	0	0	3
141	201	0	1.96714257	101463.838	101463.839	101463.837	101463.841	0.00449178403	7.59890309	0	100	919.289	0	0	3
142	203	0	1.98109394	101463.838	101463.839	101463.837	101463.841	0.00426575934	7.59890309	0	100	920.54	0	0	3
143	204	0	1.9950453	101463.838	101463.839	101463.837	101463.841	0.00382271539	7.59890309	0	100	922.085	0	0	3
144	206	0	2.00899667	101463.837	101463.839	101463.837	101463.84	0.00362963154	7.59890309	0	100	923.315	0	0	3
145	207	0	2.02294803	101463.837	101463.839	101463.837	101463.84	0.00320680477	7.59890309	0	100	924.711	0	0	3
146	208	0	2.0368994	101463.837	101463.838	101463.837	101463.84	0.00320680477	7.59890309	0	100	925.95	0	0	3
147	210	0	2.05085077	101463.837	101463.838	101463.837	101463.84	0.00320680477	7.59890309	0	100	927.338	0	0	3
148	211	0	2.06480213	101463.837	101463.838	101463.837	101463.84	0.00329574442	7.59890309	0	100	928.596	0	0	3
149	212	0	2.0787535	101463.837	101463.838	101463.837	101463.84	0.00329574442	7.59890309	0	100	929.967	0	0	3
150	214	0	2.09270486	101463.837	101463.838	101463.837	101463.84	0.00329574442	7.59890309	0	100	931.22	0	0	3
151	215	0	2.10665623	101463.837	101463.838	101463.837	101463.84	0.00329574442	7.59890309	0	100	932.6	0	0	3
152	216	0	2.12060759	101463.837	101463.838	101463.837	101463.84	0.00329574442	7.59890309	0	100	933.841	0	0	3
153	218	0	2.13455896	101463.838	101463.838	101463.837	101463.84	0.00329574442	7.59890309	0	100	935.201	0	0	3
154	219	0	2.14851033	101463.837	101463.838	101463.837	101463.84	0.00329574442	7.59890309	0	100	936.446	0	0	3
155	220	0	2.16246169	101463.838	101463.838	101463.837	101463.84	0.00279655098	7.59890309	0	100	937.823	0	0	3
156	222	0	2.17641306	101463.837	101463.838	101463.837	101463.84	0.00279655098	7.59890309	0	100	939.052	0	0	3
157	223	0	2.19036442	101463.838	101463.838	101463.837	101463.839	0.00244311267	7.59890309	0	100	940.399	0	0	3
158	224	0	2.20431579	101463.838	101463.838	101463.837	101463.839	0.00244311267	7.59890309	0	100	941.652	0	0	3
159	226	0	2.21826715	101463.838	101463.838	101463.837	101463.839	0.00228979153	7.59890309	0	100	943.023	0	0	3
160	227	0	2.23221852	101463.838	101463.838	101463.837	101463.839	0.00228979153	7.59890309	0	100	944.272	0	0	3
161	229	0	2.24616989	101463.838	101463.838	101463.837	101463.839	0.00213863897	7.59890309	0	100	945.625	0	0	3
162	230	0	2.26012125	101463.838	101463.838	101463.837	101463.839	0.00213863897	7.59890309	0	100	946.879	0	0	3
163	231	0	2.27407262	101463.838	101463.838	101463.837	101463.839	0.00175580003	7.59890309	0	100	948.249	0	0	3
164	233	0	2.28802398	101463.838	101463.837	101463.837	101463.838	0.00169915997	7.59890309	0	100	949.495	0	0	3
165	234	0	2.30197535	101463.838	101463.837	101463.837	101463.838	0.00142347008	7.59890309	0	100	950.846	0	0	3
166	235	0	2.31592671	101463.837	101463.837	101463.837	101463.838	0.00142347008	7.59890309	0	100	952.093	0	0	3
167	237	0	2.32987808	101463.837	101463.837	101463.837	101463.838	0.00142347008	7.59890309	0	100	953.514	0	0	3
168	238	0	2.34382945	101463.836	101463.837	101463.836	101463.838	0.00174099581	7.59890309	0	100	954.706	0	0	3
169	239	0	2.35778081	101463.837	101463.837	101463.836	101463.838	0.00174099581	7.59890309	0	100	956.105	0	0	3
170	241	0	2.37173218	101463.837	101463.837	101463.836	101463.838	0.00174099581	7.59890309	0	100	957.304	0	0	3
171	242	0	2.38568354	101463.837	101463.837	101463.836	101463.838	0.00174099581	7.59890309	0	100	958.726	0	0	3
172	243	0	2.39963491	101463.837	101463.837	101463.836	101463.838	0.00174099581	7.59890309	0	100	959.925	0	0	3
173	245	0	2.41358627	101463.837	101463.837	101463.836	101463.838	0.00174099581	7.59890309	0	100	961.327	0	0	3
174	246	0	2.42753764	101463.837	101463.837	101463.836	101463.838	0.00174099581	7.59890309	0	100	962.529	0	0	3
175	248	0	2.44148901	101463.838	101463.837	101463.836	101463.838	0.00169840321	7.59890309	0	100	963.955	0	0	3
176	249	0	2.45544037	101463.838	101463.837	101463.836	101463.838	0.00157998806	7.59890309	0	100	964.965	0	0	3
177	250	0	2.46939174	101463.838	101463.837	101463.836	101463.838	0.00147783796	7.59890309	0	100	966.243	0	0	3
178	252	0	2.4833431	101463.838	101463.837	101463.836	101463.838	0.0013849767	7.59890309	0	100	967.378	0	0	3
179	253	0	2.49729447	101463.839	101463.837	101463.836	101463.839	0.00128974087	7.59890309	0	100	968.69	0	0	3
180	254	0	2.51124584	101463.838	101463.837	101463.836	101463.839	0.0011977025	7.59890309	0	100	969.841	0	0	3
181	256	0	2.5251972	101463.838	101463.837	101463.836	101463.839	0.00111332072	7.59890309	0	100	971.136	0	0	3
182	257	0	2.53914857	101463.838	101463.838	101463.836	101463.839	0.00103033491	7.59890309	0	100	972.269	0	0	3
183	258	0	2.55309993	101463.838	101463.838	101463.836	101463.839	0.000945852124	7.59890309	0	100	973.573	0	0	3
184	260	0	2.5670513	101463.838	101463.838	101463.836	101463.839	0.000867228897	7.59890309	0	100	974.874	0	0	3
185	261	0	2.58100266	101463.838	101463.838	101463.836	101463.839	0.000796510474	7.59890309	0	100	976.187	0	0	3
186	263	0	2.59495403	101463.837	101463.838	101463.836	101463.839	0.00073125452	7.59890309	0	100	977.501	0	0	3
187	264	0	2.6089054	101463.838	101463.838	101463.836	101463.839	0.000672897033	7.59890309	0	100	978.824	0	0	3
188	265	0	2.62285676	101463.838	101463.838	101463.836	101463.839	0.000608194503	7.59890309	0	100	980.124	0	0	3
189	267	0	2.63680813	101463.839	101463.838	101463.836	101463.839	0.000539375091	7.59890309	0	100	981.43	0	0	3
190	268	0	2.65075949	101463.839	101463.838	101463.836	101463.839	0.000471015999	7.59890309	0	100	982.744	0	0	3
191	269	0	2.66471086	101463.838	101463.838	101463.836	101463.839	0.000413743081	7.59890309	0	100	984.068	0	0	3
192	271	0	2.67866222	101463.838	101463.838	101463.836	101463.839	0.000390301633	7.59890309	0	100	985.374	0	0	3
193	272	0	2.69261359	101463.838	101463.838	101463.836	101463.839	0.000392036251	7.59890309	0	100	986.68	0	0	3
194	274	0	2.70656496	101463.837	101463.838	101463.836	101463.839	0.000392036251	7.59890309	0	100	987.981	0	0	3
195	275	0	2.72051632	101463.837	101463.838	101463.836	101463.839	0.000392036251	7.59890309	0	100	989.356	0	0	3
196	276	0	2.73446769	101463.837	101463.838	101463.836	101463.839	0.000392036251	7.59890309	0	100	990.832	0	0	3
197	278	0	2.74841905	101463.837	101463.838	101463.836	101463.839	0.000392036251	7.59890309	0	100	992.238	0	0	3
198	279	0	2.76237042	101463.837	101463.838	101463.836	101463.839	0.000392036251	7.59890309	0	100	993.688	0	0	3
199	280	0	2.77632178	101463.838	101463.838	101463.836	101463.839	0.000392036251	7.59890309	0	100	995.028	0	0	3
200	282	0	2.79027315	101463.838	101463.838	101463.836	101463.839	0.000392036251	7.59890309	0	100	996.325	0	0	3
201	283	0	2.80422452	101463.839	101463.838	101463.836	101463.839	0.000392036251	7.59890309	0	100	997.662	0	0	3
202	285	0	2.81817588	101463.839	101463.838	101463.836	101463.839	0.000392036251	7.59890309	0	100	998.954	0	0	3
203	286	0	2.83212725	101463.839	101463.838	101463.836	101463.839	0.000445650294	7.59890309	0	100	1000.27	0	0	3
204	288	0	2.84607861	101463.839	101463.838	101463.837	101463.839	0.000519512643	7.59890309	0	100	1001.58	0	0	3
205	289	0	2.86002998	101463.839	101463.838	101463.837	101463.839	0.000597896826	7.59890309	0	100	1002.9	0	0	3
206	290	0	2.87398134	101463.839	101463.838	101463.837	101463.839	0.000672136186	7.59890309	0	100	1004.19	0	0	3
207	292	0	2.88793271	101463.839	101463.838	101463.837	101463.839	0.000745713754	7.59890309	0	100	1005.5	0	0	3
208	293	0	2.90188408	101463.839	101463.838	101463.837	101463.839	0.000806458993	7.59890309	0	100	1006.81	0	0	3
209	294	0	2.91583544	101463.839	101463.838	101463.837	101463.839	0.000852658486	7.59890309	0	100	1008.11	0	0	3
210	296	0	2.92978681	101463.839	101463.838	101463.837	101463.839	0.000884185007	7.59890309	0	100	1009.41	0	0	3
211	297	0	2.94373817	101463.839	101463.838	101463.837	101463.839	0.000893109158	7.59890309	0	100	1010.73	0	0	3
212	299	0	2.95768954	101463.839	101463.838	101463.837	101463.839	0.000890083393	7.59890309	0	100	1012.03	0	0	3
213	300	0	2.9716409	101463.839	101463.838	101463.837	101463.839	0.000890365831	7.59890309	0	100	1013.33	0	0	3
214	301	0	2.98559227	101463.839	101463.838	101463.837	101463.839	0.000886810187	7.59890309	0	100	1014.64	0	0	3
215	303	0	2.99954364	101463.839	101463.838	101463.837	101463.839	0.00087987553	7.59890309	0	100	1015.95	0	0	3
216	304	0	3.013495	101463.839	101463.838	101463.837	101463.839	0.000880465857	7.59890309	0	100	1017.25	0	0	3
217	305	0	3.02744637	101463.839	101463.838	101463.837	101463.839	0.000885082714	7.59890309	0	100	1018.56	0	0	3
218	307	0	3.04139773	101463.839	101463.838	101463.837	101463.839	0.000902406013	7.59890309	0	100	1019.84	0	0	3
219	308	0	3.0553491	101463.839	101463.838	101463.837	101463.839	0.00091023327	7.59890309	0	100	1021.11	0	0	3
220	310	0	3.06930047	101463.839	101463.839	101463.837	101463.839	0.000929618196	7.59890309	0	100	1022.21	0	0	3
221	311	0	3.08325183	101463.839	101463.839	101463.837	101463.839	0.000957013035	7.59890309	0	100	1023.49	0	0	3
222	312	0	3.0972032	101463.839	101463.839	101463.837	101463.839	0.000998166637	7.59890309	0	100	1024.83	0	0	3
223	314	0	3.11115456	101463.84	101463.839	101463.837	101463.84	0.00102960937	7.59890309	0	100	1026.19	0	0	3
224	315	0	3.12510593	101463.84	101463.839	101463.837	101463.84	0.00107434911	7.59890309	0	100	1027.62	0	0	3
225	316	0	3.13905729	101463.84	101463.839	101463.837	101463.84	0.00109904853	7.59890309	0	100	1028.79	0	0	3
226	318	0	3.15300866	101463.839	101463.839	101463.837	101463.84	0.00111636023	7.59890309	0	100	1030.08	0	0	3
227	319	0	3.16696003	101463.839	101463.839	101463.837	101463.84	0.00113815056	7.59890309	0	100	1031.26	0	0	3
228	320	0	3.18091139	101463.839	101463.839	101463.837	101463.84	0.00116842933	7.59890309	0	100	1032.68	0	0	3
229	322	0	3.19486276	101463.839	101463.839	101463.837	101463.84	0.00119241929	7.59890309	0	100	1033.85	0	0	3
230	323	0	3.20881412	101463.839	101463.839	101463.837	101463.84	0.00124051257	7.59890309	0	100	1035.25	0	0	3
231	325	0	3.22276549	101463.839	101463.839	101463.837	101463.84	0.00128599571	7.59890309	0	100	1036.49	0	0	3
232	326	0	3.23671685	101463.839	101463.839	101463.837	101463.84	0.00133601103	7.59890309	0	100	1037.87	0	0	3
233	327	0	3.25066822	101463.839	101463.839	101463.837	101463.84	0.00137964815	7.59890309	0	100	1039.1	0	0	3
234	329	0	3.26461959	101463.838	101463.839	101463.838	101463.84	0.00141170368	7.59890309	0	100	1040.49	0	0	3
235	330	0	3.27857095	101463.839	101463.839	101463.838	101463.84	0.00141923195	7.59890309	0	100	1041.54	0	0	3
236	331	0	3.29252232	101463.839	101463.839	101463.838	101463.84	0.00140678619	7.59890309	0	100	1042.85	0	0	3
237	333	0	3.30647368	101463.839	101463.839	101463.838	101463.84	0.00137690586	7.59890309	0	100	1044.02	0	0	3
238	334	0	3.32042505	101463.839	101463.839	101463.838	101463.84	0.00131862941	7.59890309	0	100	1045.3	0	0	3
239	335	0	3.33437641	101463.839	101463.839	101463.838	101463.84	0.00124476706	7.59890309	0	100	1046.61	0	0	3
240	337	0	3.34832778	101463.839	101463.839	101463.838	101463.84	0.00116638288	7.59890309	0	100	1047.91	0	0	3
241	338	0	3.36227915	101463.838	101463.839	101463.838	101463.84	0.00109214352	7.59890309	0	100	1049.22	0	0	3
242	339	0	3.37623051	101463.838	101463.839	101463.838	101463.84	0.00101856595	7.59890309	0	100	1050.52	0	0	3
243	341	0	3.39018188	101463.839	101463.839	101463.838	101463.84	0.000956821968	7.59890309	0	100	1051.83	0	0	3
244	342	0	3.40413324	101463.838	101463.839	101463.838	101463.84	0.000904719112	7.59890309	0	100	1053.12	0	0	3
245	344	0	3.41808461	101463.839	101463.839	101463.838	101463.84	0.000861728869	7.59890309	0	100	1054.46	0	0	3
246	345	0	3.43203597	101463.839	101463.839	101463.838	101463.84	0.000829698809	7.59890309	0	100	1055.77	0	0	3
247	346	0	3.44598734	101463.839	101463.839	101463.838	101463.84	0.000807578515	7.59890309	0	100	1057.08	0	0	3
248	348	0	3.45993871	101463.839	101463.839	101463.838	101463.84	0.000789929603	7.59890309	0	100	1058.38	0	0	3
249	349	0	3.47389007	101463.84	101463.839	101463.838	101463.84	0.000773169857	7.59890309	0	100	1059.52	0	0	3
250	350	0	3.48784144	101463.839	101463.839	101463.838	101463.84	0.000757485948	7.59890309	0	100	1060.8	0	0	3
251	352	0	3.5017928	101463.839	101463.839	101463.838	101463.84	0.000730555301	7.59890309	0	100	1062.11	0	0	3
252	353	0	3.51574417	101463.839	101463.839	101463.838	101463.84	0.000699447788	7.59890309	0	100	1063.41	0	0	3
253	354	0	3.52969553	101463.839	101463.839	101463.838	101463.84	0.000654229909	7.59890309	0	100	1064.72	0	0	3
254	356	0	3.5436469	101463.838	101463.839	101463.838	101463.84	0.000621602405	7.59890309	0	100	1066.02	0	0	3
255	357	0	3.55759827	101463.839	101463.839	101463.838	101463.84	0.000584638983	7.59890309	0	100	1067.3	0	0	3
256	358	0	3.57154963	101463.838	101463.839	101463.838	101463.84	0.000551864825	7.59890309	0	100	1068.59	0	0	3
257	360	0	3.585501	101463.838	101463.839	101463.838	101463.84	0.000501868417	7.59890309	0	100	1069.9	0	0	3
258	361	0	3.59945236	101463.838	101463.839	101463.838	101463.84	0.000445298661	7.59890309	0	100	1071.21	0	0	3
259	362	0	3.61340373	101463.839	101463.839	101463.838	101463.84	0.000399334327	7.59890309	0	100	1072.52	0	0	3
260	364	0	3.6273551	101463.839	101463.839	101463.838	101463.84	0.00037463491	7.59890309	0	100	1073.84	0	0	3
261	365	0	3.64130646	101463.839	101463.839	101463.838	101463.84	0.00035732321	7.59890309	0	100	1075.14	0	0	3
262	367	0	3.65525783	101463.839	101463.839	101463.838	101463.84	0.000335532881	7.59890309	0	100	1076.47	0	0	3
263	368	0	3.66920919	101463.839	101463.839	101463.838	101463.84	0.000305254114	7.59890309	0	100	1077.6	0	0	3
264	369	0	3.68316056	101463.839	101463.839	101463.838	101463.84	0.000286343551	7.59890309	0	100	1078.9	0	0	3
265	371	0	3.69711192	101463.84	101463.839	101463.838	101463.84	0.000286343551	7.59890309	0	100	1080.2	0	0	3
266	372	0	3.71106329	101463.84	101463.839	101463.838	101463.84	0.000286343551	7.59890309	0	100	1081.51	0	0	3
267	373	0	3.72501466	101463.84	101463.839	101463.838	101463.84	0.000286343551	7.59890309	0	100	1082.79	0	0	3
268	375	0	3.73896602	101463.841	101463.839	101463.838	101463.841	0.000286343551	7.59890309	0	100	1084.12	0	0	3
269	376	0	3.75291739	101463.841	101463.839	101463.838	101463.841	0.000286343551	7.59890309	0	100	1085.42	0	0	3
270	378	0	3.76686875	101463.841	101463.839	101463.838	101463.841	0.000290316239	7.59890309	0	100	1086.75	0	0	3
271	379	0	3.78082012	101463.841	101463.839	101463.838	101463.841	0.000344713771	7.59890309	0	100	1088.04	0	0	3
272	380	0	3.79477148	101463.841	101463.839	101463.838	101463.841	0.000391483321	7.59890309	0	100	1089.37	0	0	3
273	382	0	3.80872285	101463.84	101463.839	101463.838	101463.841	0.000414780297	7.59890309	0	100	1090.68	0	0	3
274	383	0	3.82267422	101463.84	101463.839	101463.838	101463.841	0.000439232856	7.59890309	0	100	1092.01	0	0	3
275	384	0	3.83662558	101463.839	101463.839	101463.838	101463.841	0.000460090305	7.59890309	0	100	1093.3	0	0	3
276	386	0	3.85057695	101463.839	101463.839	101463.838	101463.841	0.000484541801	7.59890309	0	100	1094.62	0	0	3
277	387	0	3.86452831	101463.84	101463.839	101463.838	101463.841	0.000516975604	7.59890309	0	100	1095.74	0	0	3
278	388	0	3.87847968	101463.84	101463.839	101463.838	101463.841	0.000548501281	7.59890309	0	100	1097.04	0	0	3
279	390	0	3.89243104	101463.84	101463.839	101463.838	101463.841	0.000572395918	7.59890309	0	100	1098.36	0	0	3
280	391	0	3.90638241	101463.84	101463.839	101463.838	101463.841	0.00060107687	7.59890309	0	100	1099.68	0	0	3
281	392	0	3.92033378	101463.84	101463.839	101463.838	101463.841	0.000630929324	7.59890309	0	100	1100.99	0	0	3
282	394	0	3.93428514	101463.84	101463.839	101463.838	101463.841	0.000666685912	7.59890309	0	100	1102.33	0	0	3
283	395	0	3.94823651	101463.84	101463.84	101463.838	101463.841	0.000691571811	7.59890309	0	100	1103.64	0	0	3
284	397	0	3.96218787	101463.84	101463.84	101463.838	101463.841	0.000706751845	7.59890309	0	100	1104.96	0	0	3
285	398	0	3.97613924	101463.84	101463.84	101463.838	101463.841	0.000712690715	7.59890309	0	100	1106.26	0	0	3
286	399	0	3.9900906	101463.839	101463.84	101463.838	101463.841	0.000717826711	7.59890309	0	100	1107.57	0	0	3
287	401	0	4.00404197	101463.839	101463.84	101463.838	101463.841	0.000717826711	7.59890309	0	100	1108.84	0	0	3
