Iteration	CPUTime	PhysTime	Travels	Value	AvValue	MinValue	MaxValue	Delta	Criteria	Progress	dGMaxMin	CriteriaType	CriteriaVarType	CriteriaPercentage
1	8	0	0.0139513658	97342.8996	97342.8996	97342.8996	97342.8996	0	0	0	0	7912.82	0	0	3
2	10	0	0.0279027315	100413.997	98878.4482	97342.8996	100413.997	1535.54861	0	0	0	1901.4	0	0	3
3	11	0	0.0418540973	100668.628	99475.1748	97342.8996	100668.628	2132.27515	0	0	0	1048.3	0	0	3
4	13	0	0.055805463	100650.953	99769.1194	97342.8996	100668.628	2426.21976	0	0	0	975.984	0	0	3
5	14	0	0.0697568288	100730.754	99961.4463	97342.8996	100730.754	2618.54667	0	0	0	846.185	0	0	3
6	16	0	0.0837081945	100806.99	100102.37	97342.8996	100806.99	2759.47069	0	0	0	741.972	0	0	3
7	17	0	0.0976595603	100873.52	100212.535	97342.8996	100873.52	2869.6349	0	0	0	645.245	0	0	3
8	18	0	0.111610926	100912.337	100300.01	97342.8996	100912.337	2957.11022	0	0	0	583.486	0	0	3
9	20	0	0.125562292	100913.287	100368.152	97342.8996	100913.287	3025.25213	0	0	0	550.346	0	0	3
10	21	0	0.139513658	100894.923	100420.829	97342.8996	100913.287	3077.92929	0	0	0	568.714	0	0	3
11	22	0	0.153465023	100879.755	100462.549	97342.8996	100913.287	3119.6498	0	0	0	583.901	0	0	3
12	23	0	0.167416389	100863.133	100495.931	97342.8996	100913.287	3153.03177	0	0	0	600.535	0	0	3
13	25	0	0.181367755	100846.877	100522.927	97342.8996	100913.287	3180.02756	0	0	0	616.795	0	0	3
14	26	0	0.195319121	100831.102	100544.94	97342.8996	100913.287	3202.04006	0	0	0	632.58	0	0	3
15	27	0	0.209270486	100815.517	100562.978	97342.8996	100913.287	3220.07856	0	0	0	648.179	0	0	3
16	29	0	0.223221852	100804.19	100578.054	97342.8996	100913.287	3235.15431	0	0	0	659.511	0	0	3
17	30	0	0.237173218	100793.611	100590.734	97342.8996	100913.287	3247.83416	0	0	0	670.105	0	0	3
18	32	0	0.251124584	100783.19	100601.426	97342.8996	100913.287	3258.52619	0	0	0	680.537	0	0	3
19	33	0	0.265075949	100772.872	100610.449	97342.8996	100913.287	3267.54966	0	0	0	690.868	0	0	3
20	34	0	0.279027315	100762.755	100618.065	97342.8996	100913.287	3275.16495	0	0	0	700.996	0	0	3
21	36	0	0.292978681	100756.012	100624.634	97342.8996	100913.287	3281.73388	0	0	0	707.747	0	0	3
22	37	0	0.306930047	100749.416	100630.305	97342.8996	100913.287	3287.40579	0	0	0	714.352	0	0	3
23	38	0	0.320881412	100742.606	100635.188	97342.8996	100913.287	3292.28844	0	0	0	721.169	0	0	3
24	40	0	0.334832778	100735.807	100639.381	97342.8996	100913.287	3296.48091	0	0	0	727.975	0	0	3
25	41	0	0.348784144	100729.084	100642.969	97342.8996	100913.287	3300.06903	0	0	0	734.703	0	0	3
26	43	0	0.36273551	100724.108	100646.089	97342.8996	100913.287	3303.18979	0	0	0	739.68	0	0	3
27	44	0	0.376686875	100719.185	100648.797	97342.8996	100913.287	3305.89702	0	0	0	744.605	0	0	3
28	45	0	0.390638241	100714.214	100651.133	97342.8996	100913.287	3308.23337	0	0	0	749.575	0	0	3
29	47	0	0.404589607	100709.213	100653.136	97342.8996	100913.287	3310.23612	0	0	0	754.575	0	0	3
30	48	0	0.418540973	100704.129	100654.836	97342.8996	100913.287	3311.93589	0	0	0	759.656	0	0	3
31	50	0	0.432492338	100700.903	100656.322	97342.8996	100913.287	3313.42195	0	0	0	762.879	0	0	3
32	51	0	0.446443704	100697.702	100657.615	97342.8996	100913.287	3314.71509	0	0	0	766.08	0	0	3
33	52	0	0.46039507	100694.579	100658.735	97342.8996	100913.287	3315.83521	0	0	0	769.206	0	0	3
34	54	0	0.474346436	100691.272	100659.692	97342.8996	100913.287	3316.79217	0	0	0	772.522	0	0	3
35	55	0	0.488297801	100687.98	100660.5	97342.8996	100913.287	3317.60042	0	0	0	775.828	0	0	3
36	57	0	0.502249167	100685.753	100661.202	97342.8996	100913.287	3318.3019	0	0	0	778.07	0	0	3
37	58	0	0.516200533	100683.586	100753.998	100413.997	100913.287	499.290191	0	0	0	780.257	0	0	3
38	60	0	0.530151899	100681.47	100761.428	100650.953	100913.287	262.333788	0	0	0	782.389	0	0	3
39	61	0	0.544103264	100679.364	100761.726	100650.953	100913.287	262.333788	0	0	0	784.506	0	0	3
40	63	0	0.55805463	100677.341	100762.459	100677.341	100913.287	235.946063	0	0	0	786.539	0	0	3
41	64	0	0.572005996	100675.988	100760.938	100675.988	100913.287	237.298736	0	0	0	787.897	0	0	3
42	65	0	0.585957362	100674.671	100757.263	100674.671	100913.287	238.616488	0	0	0	789.22	0	0	3
43	67	0	0.599908727	100673.416	100751.704	100673.416	100913.287	239.871083	0	0	0	790.481	0	0	3
44	68	0	0.613860093	100672.207	100745.034	100672.207	100913.287	241.079994	0	0	0	791.695	0	0	3
45	70	0	0.627811459	100671.027	100738.304	100671.027	100894.923	223.896564	0	0	0	792.878	0	0	3
46	71	0	0.641762825	100669.804	100732.051	100669.804	100879.755	209.950208	0	0	0	794.103	0	0	3
47	72	0	0.65571419	100668.588	100726.185	100668.588	100863.133	194.545379	0	0	0	795.322	0	0	3
48	74	0	0.669665556	100667.412	100720.749	100667.412	100846.877	179.464113	0	0	0	796.5	0	0	3
49	75	0	0.683616922	100666.292	100715.732	100666.292	100831.102	164.810405	0	0	0	797.623	0	0	3
50	77	0	0.697568288	100665.148	100711.123	100665.148	100815.517	150.369088	0	0	0	798.769	0	0	3
51	78	0	0.711519653	100663.986	100706.913	100663.986	100804.19	140.204712	0	0	0	799.934	0	0	3
52	79	0	0.725471019	100662.802	100702.986	100662.802	100793.611	130.809165	0	0	0	801.119	0	0	3
53	81	0	0.739422385	100661.639	100699.32	100661.639	100783.19	121.551131	0	0	0	802.283	0	0	3
54	82	0	0.753373751	100660.434	100695.91	100660.434	100772.872	112.437431	0	0	0	803.488	0	0	3
55	83	0	0.767325116	100659.232	100692.753	100659.232	100762.755	103.523109	0	0	0	804.689	0	0	3
56	85	0	0.781276482	100658.021	100689.844	100658.021	100756.012	97.9914219	0	0	0	805.9	0	0	3
57	86	0	0.795227848	100656.86	100687.09	100656.86	100749.416	92.5557701	0	0	0	807.059	0	0	3
58	88	0	0.809179214	100655.626	100684.485	100655.626	100742.606	86.9798789	0	0	0	808.291	0	0	3
59	89	0	0.823130579	100654.401	100682.035	100654.401	100735.807	81.4061308	0	0	0	809.515	0	0	3
60	90	0	0.837081945	100653.229	100679.741	100653.229	100729.084	75.8547747	0	0	0	810.684	0	0	3
61	92	0	0.851033311	100652.046	100677.601	100652.046	100724.108	72.0626039	0	0	0	811.864	0	0	3
62	93	0	0.864984677	100650.861	100675.566	100650.861	100719.185	68.3233151	0	0	0	813.045	0	0	3
63	95	0	0.878936042	100649.671	100673.635	100649.671	100714.214	64.5432641	0	0	0	814.231	0	0	3
64	96	0	0.892887408	100648.482	100671.809	100648.482	100709.213	60.7306413	0	0	0	815.417	0	0	3
65	97	0	0.906838774	100647.304	100670.09	100647.304	100704.129	56.8245338	0	0	0	816.592	0	0	3
66	99	0	0.92079014	100646.097	100668.478	100646.097	100700.903	54.8060987	0	0	0	817.795	0	0	3
67	100	0	0.934741505	100644.908	100666.922	100644.908	100697.702	52.7945916	0	0	0	818.981	0	0	3
68	101	0	0.948692871	100643.69	100665.422	100643.69	100694.579	50.8890369	0	0	0	820.196	0	0	3
69	103	0	0.962644237	100642.431	100663.973	100642.431	100691.272	48.8409731	0	0	0	821.452	0	0	3
70	104	0	0.976595603	100641.221	100662.583	100641.221	100687.98	46.7594045	0	0	0	822.659	0	0	3
71	106	0	0.990546968	100640.028	100661.251	100640.028	100685.753	45.7258429	0	0	0	823.85	0	0	3
72	107	0	1.00449833	100638.834	100659.948	100638.834	100683.586	44.7519107	8.23359879	0	18.3	825.041	0	0	3
73	108	0	1.0184497	100637.649	100658.672	100637.649	100681.47	43.8211086	8.26914553	0	18.8	826.224	0	0	3
74	110	0	1.03240107	100636.461	100657.421	100636.461	100679.364	42.9032707	8.28696397	0	19.3	827.409	0	0	3
75	111	0	1.04635243	100635.277	100656.197	100635.277	100677.341	42.0636855	8.30474013	0	19.7	828.591	0	0	3
76	112	0	1.0603038	100633.943	100654.991	100633.943	100675.988	42.0449133	8.32363247	0	19.7	829.923	0	0	3
77	114	0	1.07425516	100632.666	100653.788	100632.666	100674.671	42.00437	8.34263113	0	19.8	831.198	0	0	3
78	115	0	1.08820653	100631.293	100652.583	100631.293	100673.416	42.1230231	8.36216314	0	19.8	832.57	0	0	3
79	117	0	1.10215789	100629.983	100651.376	100629.983	100672.207	42.2239478	8.38172815	0	19.8	833.878	0	0	3
80	118	0	1.11610926	100628.608	100650.165	100628.608	100671.027	42.4182939	8.40155677	0	19.8	835.251	0	0	3
81	119	0	1.13006063	100627.29	100648.95	100627.29	100669.804	42.5140723	8.36016064	0	19.6	836.569	0	0	3
82	121	0	1.14401199	100625.93	100647.732	100625.93	100668.588	42.6573561	8.28561704	0	19.4	837.927	0	0	3
83	122	0	1.15796336	100624.598	100646.51	100624.598	100667.412	42.8143616	8.23359879	0	19.2	839.259	0	0	3
84	123	0	1.17191472	100623.245	100645.283	100623.245	100666.292	43.0473109	8.23359879	0	19.1	840.611	0	0	3
85	125	0	1.18586609	100621.914	100644.05	100621.914	100665.148	43.2342077	8.23359879	0	19	841.941	0	0	3
86	126	0	1.19981745	100620.572	100642.812	100620.572	100663.986	43.4130253	8.23359879	0	18.9	843.282	0	0	3
87	128	0	1.21376882	100619.261	100641.57	100619.261	100662.802	43.5409183	8.23359879	0	18.9	844.593	0	0	3
88	129	0	1.22772019	100617.899	100640.322	100617.899	100661.639	43.7403649	8.23359879	0	18.8	845.954	0	0	3
89	130	0	1.24167155	100616.588	100639.071	100616.588	100660.434	43.8464201	8.23359879	0	18.7	847.265	0	0	3
90	132	0	1.25562292	100615.192	100637.814	100615.192	100659.232	44.0401602	8.23359879	0	18.6	848.659	0	0	3
91	133	0	1.26957428	100613.704	100636.55	100613.704	100658.021	44.3162986	8.23359879	0	18.5	850.147	0	0	3
92	134	0	1.28352565	100612.324	100635.28	100612.324	100656.86	44.5355118	8.23359879	0	18.4	851.526	0	0	3
93	136	0	1.29747701	100610.842	100634.002	100610.842	100655.626	44.7848049	8.23359879	0	18.3	853.008	0	0	3
94	137	0	1.31142838	100609.577	100632.723	100609.577	100654.401	44.8244263	8.23359879	0	18.3	854.271	0	0	3
95	138	0	1.32537975	100608.111	100631.437	100608.111	100653.229	45.1180541	8.23359879	0	18.2	855.737	0	0	3
96	140	0	1.33933111	100606.854	100630.149	100606.854	100652.046	45.1918707	8.23359879	0	18.2	856.993	0	0	3
97	141	0	1.35328248	100605.535	100628.857	100605.535	100650.861	45.3263186	8.23359879	0	18.1	858.311	0	0	3
98	143	0	1.36723384	100604.113	100627.558	100604.113	100649.671	45.5585108	8.23359879	0	18	859.733	0	0	3
99	144	0	1.38118521	100602.46	100626.247	100602.46	100648.482	45.562557	8.23359879	0	18	861.385	0	0	3
100	145	0	1.39513658	100601.055	100624.929	100601.055	100647.304	45.1602831	8.23359879	0	18.2	862.789	0	0	3
101	147	0	1.40908794	100599.63	100623.605	100599.63	100646.097	44.8725721	8.23359879	0	18.3	864.213	0	0	3
102	148	0	1.42303931	100598.243	100622.276	100598.243	100644.908	44.6464172	8.23359879	0	18.4	865.6	0	0	3
103	150	0	1.43699067	100596.799	100620.939	100596.799	100643.69	44.4824239	8.23359879	0	18.5	867.044	0	0	3
104	151	0	1.45094204	100595.419	100619.599	100595.419	100642.431	44.3747056	8.23359879	0	18.5	868.423	0	0	3
105	153	0	1.4648934	100593.823	100618.248	100593.823	100641.221	44.3346179	8.23359879	0	18.5	870.019	0	0	3
106	154	0	1.47884477	100592.245	100616.888	100592.245	100640.028	44.3630338	8.23359879	0	18.5	871.596	0	0	3
107	155	0	1.49279614	100590.614	100615.515	100590.614	100638.834	44.4322957	8.23359879	0	18.5	873.227	0	0	3
108	157	0	1.5067475	100589.199	100614.137	100589.199	100637.649	44.5350161	8.23359879	0	18.4	874.642	0	0	3
109	158	0	1.52069887	100587.631	100612.747	100587.631	100636.461	44.6741437	8.23359879	0	18.4	876.209	0	0	3
110	160	0	1.53465023	100586.183	100611.351	100586.183	100635.277	44.8461203	8.23359879	0	18.3	877.657	0	0	3
111	161	0	1.5486016	100584.62	100609.943	100584.62	100633.943	45.0477707	8.23359879	0	18.2	879.22	0	0	3
112	162	0	1.56255296	100583.166	100608.533	100583.166	100632.666	45.2548558	8.23359879	0	18.1	880.674	0	0	3
113	164	0	1.57650433	100581.639	100607.116	100581.639	100631.293	45.4673364	8.23359879	0	18.1	882.201	0	0	3
114	165	0	1.5904557	100580.18	100605.696	100580.18	100629.983	45.6806693	8.23359879	0	18	883.66	0	0	3
115	166	0	1.60440706	100578.634	100604.269	100578.634	100628.608	45.8959492	8.23359879	0	17.9	885.205	0	0	3
116	168	0	1.61835843	100577.175	100602.841	100577.175	100627.29	46.1097625	8.23359879	0	17.8	886.665	0	0	3
117	169	0	1.63230979	100575.653	100601.406	100575.653	100625.93	46.3253997	8.23359879	0	17.7	888.187	0	0	3
118	170	0	1.64626116	100574.197	100599.969	100574.197	100624.598	46.5405177	8.23359879	0	17.6	889.643	0	0	3
119	172	0	1.66021252	100572.805	100598.531	100572.805	100623.245	46.7523331	8.23359879	0	17.6	891.035	0	0	3
120	173	0	1.67416389	100571.219	100597.085	100571.219	100621.914	46.9647592	8.23359879	0	17.5	892.62	0	0	3
121	174	0	1.68811526	100569.938	100595.642	100569.938	100620.572	47.1703355	8.23359879	0	17.4	893.902	0	0	3
122	176	0	1.70206662	100568.709	100594.201	100568.709	100619.261	47.3686571	8.23359879	0	17.3	895.13	0	0	3
123	177	0	1.71601799	100567.431	100592.761	100567.431	100617.899	47.561064	8.23359879	0	17.3	896.408	0	0	3
124	178	0	1.72996935	100566.216	100591.326	100566.216	100616.588	47.7452655	8.23359879	0	17.2	897.623	0	0	3
125	180	0	1.74392072	100564.798	100589.887	100564.798	100615.192	47.9271356	8.23359879	0	17.1	899.041	0	0	3
126	181	0	1.75787208	100563.56	100588.453	100563.56	100613.704	48.0967	8.23359879	0	17.1	900.279	0	0	3
127	183	0	1.77182345	100562.132	100587.02	100562.132	100612.324	48.2599261	8.23359879	0	17	901.707	0	0	3
128	184	0	1.78577482	100560.894	100585.592	100560.894	100610.842	48.4102578	8.23359879	0	17	902.944	0	0	3
129	185	0	1.79972618	100559.496	100584.165	100559.496	100609.577	48.557362	8.23359879	0	16.9	904.342	0	0	3
130	187	0	1.81367755	100558.238	100582.739	100558.238	100608.111	48.6975816	8.23359879	0	16.9	905.599	0	0	3
131	188	0	1.82762891	100556.838	100581.315	100556.838	100606.854	48.8336375	8.23359879	0	16.8	907	0	0	3
132	189	0	1.84158028	100555.42	100579.886	100555.42	100605.535	48.9704006	8.23359879	0	16.8	908.418	0	0	3
133	191	0	1.85553164	100554.186	100578.46	100554.186	100604.113	49.0982013	8.23359879	0	16.7	909.652	0	0	3
134	192	0	1.86948301	100552.773	100577.034	100552.773	100602.46	49.2128671	8.23359879	0	16.7	911.064	0	0	3
135	193	0	1.88343438	100551.504	100575.618	100551.504	100601.055	49.3108857	8.23359879	0	16.6	912.333	0	0	3
136	195	0	1.89738574	100550.424	100574.212	100550.424	100599.63	49.2060605	8.23359879	0	16.7	913.412	0	0	3
137	196	0	1.91133711	100549.335	100572.815	100549.335	100598.243	48.9085187	8.23359879	0	16.8	914.503	0	0	3
138	197	0	1.92528847	100548.257	100571.426	100548.257	100596.799	48.5413302	8.23359879	0	16.9	915.58	0	0	3
139	199	0	1.93923984	100547.153	100570.047	100547.153	100595.419	48.2663843	8.23359879	0	17	916.684	0	0	3
140	200	0	1.95319121	100545.909	100568.672	100545.909	100593.823	47.9137684	8.23359879	0	17.1	917.928	0	0	3
141	201	0	1.96714257	100544.549	100567.303	100544.549	100592.245	47.6965195	8.23359879	0	17.2	919.289	0	0	3
142	203	0	1.98109394	100543.298	100565.944	100543.298	100590.614	47.3167997	8.23359879	0	17.4	920.54	0	0	3
143	204	0	1.9950453	100541.752	100564.586	100541.752	100589.199	47.4465126	8.23359879	0	17.3	922.085	0	0	3
144	206	0	2.00899667	100540.522	100563.234	100540.522	100587.631	47.1091226	8.23359879	0	17.4	923.315	0	0	3
145	207	0	2.02294803	100539.126	100561.887	100539.126	100586.183	47.0564508	8.23359879	0	17.4	924.711	0	0	3
146	208	0	2.0368994	100537.887	100560.545	100537.887	100584.62	46.7334661	8.23359879	0	17.6	925.95	0	0	3
147	210	0	2.05085077	100536.499	100559.209	100536.499	100583.166	46.6669875	8.23359879	0	17.6	927.338	0	0	3
148	211	0	2.06480213	100535.241	100557.877	100535.241	100581.639	46.3982766	8.23359879	0	17.7	928.596	0	0	3
149	212	0	2.0787535	100533.87	100556.551	100533.87	100580.18	46.3097245	8.23359879	0	17.7	929.967	0	0	3
150	214	0	2.09270486	100532.618	100555.229	100532.618	100578.634	46.0168211	8.23359879	0	17.8	931.22	0	0	3
151	215	0	2.10665623	100531.237	100553.913	100531.237	100577.175	45.9372774	8.23359879	0	17.9	932.6	0	0	3
152	216	0	2.12060759	100529.997	100552.602	100529.997	100575.653	45.6568391	8.23359879	0	18	933.841	0	0	3
153	218	0	2.13455896	100528.636	100551.296	100528.636	100574.197	45.560137	8.23359879	0	18	935.201	0	0	3
154	219	0	2.14851033	100527.391	100549.996	100527.391	100572.805	45.4134113	8.23359879	0	18.1	936.446	0	0	3
155	220	0	2.16246169	100526.014	100548.696	100526.014	100571.219	45.2047011	8.23359879	0	18.2	937.823	0	0	3
156	222	0	2.17641306	100524.785	100547.407	100524.785	100569.938	45.1520447	8.23359879	0	18.2	939.052	0	0	3
157	223	0	2.19036442	100523.439	100546.115	100523.439	100568.709	45.2701099	8.23359879	0	18.1	940.399	0	0	3
158	224	0	2.20431579	100522.186	100544.823	100522.186	100567.431	45.2453965	8.23359879	0	18.1	941.652	0	0	3
159	226	0	2.21826715	100520.815	100543.528	100520.815	100566.216	45.401315	8.23359879	0	18.1	943.023	0	0	3
160	227	0	2.23221852	100519.566	100542.232	100519.566	100564.798	45.2323479	8.23359879	0	18.2	944.272	0	0	3
161	229	0	2.24616989	100518.214	100540.938	100518.214	100563.56	45.3462236	8.23359879	0	18.1	945.625	0	0	3
162	230	0	2.26012125	100516.959	100539.643	100516.959	100562.132	45.1726096	8.23359879	0	18.2	946.879	0	0	3
163	231	0	2.27407262	100515.59	100538.351	100515.59	100560.894	45.3046011	8.23359879	0	18.1	948.249	0	0	3
164	233	0	2.28802398	100514.343	100537.057	100514.343	100559.496	45.1537535	8.23359879	0	18.2	949.495	0	0	3
165	234	0	2.30197535	100512.991	100535.766	100512.991	100558.238	45.247175	8.23359879	0	18.1	950.846	0	0	3
166	235	0	2.31592671	100511.744	100534.474	100511.744	100556.838	45.0933142	8.23359879	0	18.2	952.093	0	0	3
167	237	0	2.32987808	100510.323	100533.182	100510.323	100555.42	45.0967638	8.23359879	0	18.2	953.514	0	0	3
168	238	0	2.34382945	100509.13	100531.896	100509.13	100554.186	45.0555409	8.23359879	0	18.2	954.706	0	0	3
169	239	0	2.35778081	100507.732	100530.606	100507.732	100552.773	45.0412495	8.23359879	0	18.2	956.105	0	0	3
170	241	0	2.37173218	100506.533	100529.321	100506.533	100551.504	44.9714221	8.23359879	0	18.3	957.304	0	0	3
171	242	0	2.38568354	100505.11	100528.033	100505.11	100550.424	45.3140585	8.23359879	0	18.1	958.726	0	0	3
172	243	0	2.39963491	100503.912	100526.741	100503.912	100549.335	45.4228962	8.23359879	0	18.1	959.925	0	0	3
173	245	0	2.41358627	100502.51	100525.44	100502.51	100548.257	45.7476854	8.23359879	0	17.9	961.327	0	0	3
174	246	0	2.42753764	100501.309	100524.136	100501.309	100547.153	45.8443725	8.23359879	0	17.9	962.529	0	0	3
175	248	0	2.44148901	100499.883	100522.823	100499.883	100545.909	45.8493207	8.23359879	0	17.9	963.955	0	0	3
176	249	0	2.45544037	100498.873	100521.516	100498.873	100544.549	45.6756303	8.23359879	0	18	964.965	0	0	3
177	250	0	2.46939174	100497.595	100520.212	100497.595	100543.298	45.7026783	8.23359879	0	18	966.243	0	0	3
178	252	0	2.4833431	100496.461	100518.911	100496.461	100541.752	45.2919793	8.23359879	0	18.1	967.378	0	0	3
179	253	0	2.49729447	100495.149	100517.616	100495.149	100540.522	45.3734109	8.23359879	0	18.1	968.69	0	0	3
180	254	0	2.51124584	100493.997	100516.324	100493.997	100539.126	45.1289785	8.23359879	0	18.2	969.841	0	0	3
181	256	0	2.5251972	100492.702	100515.034	100492.702	100537.887	45.185126	8.23359879	0	18.2	971.136	0	0	3
182	257	0	2.53914857	100491.569	100513.748	100491.569	100536.499	44.9303605	8.23359879	0	18.3	972.269	0	0	3
183	258	0	2.55309993	100490.265	100512.464	100490.265	100535.241	44.9760852	8.23359879	0	18.3	973.573	0	0	3
184	260	0	2.5670513	100488.963	100511.178	100488.963	100533.87	44.907082	8.23359879	0	18.3	974.874	0	0	3
185	261	0	2.58100266	100487.651	100509.894	100487.651	100532.618	44.9668256	8.23359879	0	18.3	976.187	0	0	3
186	263	0	2.59495403	100486.337	100508.609	100486.337	100531.237	44.9006103	8.23359879	0	18.3	977.501	0	0	3
187	264	0	2.6089054	100485.014	100507.325	100485.014	100529.997	44.9825888	8.23359879	0	18.3	978.824	0	0	3
188	265	0	2.62285676	100483.714	100506.039	100483.714	100528.636	44.9222244	8.23359879	0	18.3	980.124	0	0	3
189	267	0	2.63680813	100482.408	100504.755	100482.408	100527.391	44.9829343	8.23359879	0	18.3	981.43	0	0	3
190	268	0	2.65075949	100481.094	100503.469	100481.094	100526.014	44.9200214	8.23359879	0	18.3	982.744	0	0	3
191	269	0	2.66471086	100479.771	100502.184	100479.771	100524.785	45.0149445	8.23359879	0	18.2	984.068	0	0	3
192	271	0	2.67866222	100478.463	100500.898	100478.463	100523.439	44.975097	8.23359879	0	18.3	985.374	0	0	3
193	272	0	2.69261359	100477.158	100499.612	100477.158	100522.186	45.0283525	8.23359879	0	18.2	986.68	0	0	3
194	274	0	2.70656496	100475.856	100498.325	100475.856	100520.815	44.9588812	8.23359879	0	18.3	987.981	0	0	3
195	275	0	2.72051632	100474.481	100497.038	100474.481	100519.566	45.0849813	8.23359879	0	18.2	989.356	0	0	3
196	276	0	2.73446769	100473.004	100495.745	100473.004	100518.214	45.1932068	8.23359879	0	18.2	990.832	0	0	3
197	278	0	2.74841905	100471.599	100494.45	100471.599	100516.959	45.1935935	8.23359879	0	18.2	992.238	0	0	3
198	279	0	2.76237042	100470.149	100493.15	100470.149	100515.59	45.2010288	8.23359879	0	18.2	993.688	0	0	3
199	280	0	2.77632178	100468.81	100491.85	100468.81	100514.343	45.2073728	8.23359879	0	18.2	995.028	0	0	3
200	282	0	2.79027315	100467.513	100490.549	100467.513	100512.991	45.2163806	8.23359879	0	18.2	996.325	0	0	3
201	283	0	2.80422452	100466.177	100489.249	100466.177	100511.744	45.2252787	8.23359879	0	18.2	997.662	0	0	3
202	285	0	2.81817588	100464.885	100487.947	100464.885	100510.323	45.2348565	8.23359879	0	18.2	998.954	0	0	3
203	286	0	2.83212725	100463.565	100486.648	100463.565	100509.13	45.2478587	8.23359879	0	18.1	1000.27	0	0	3
204	288	0	2.84607861	100462.263	100485.347	100462.263	100507.732	45.2593465	8.23359879	0	18.1	1001.58	0	0	3
205	289	0	2.86002998	100460.935	100484.047	100460.935	100506.533	45.2748021	8.23359879	0	18.1	1002.9	0	0	3
206	290	0	2.87398134	100459.645	100482.744	100459.645	100505.11	45.2885246	8.23359879	0	18.1	1004.19	0	0	3
207	292	0	2.88793271	100458.335	100481.445	100458.335	100503.912	45.2958233	8.23359879	0	18.1	1005.5	0	0	3
208	293	0	2.90188408	100457.032	100480.143	100457.032	100502.51	45.29736	8.23359879	0	18.1	1006.81	0	0	3
209	294	0	2.91583544	100455.731	100478.843	100455.731	100501.309	45.2926391	8.23359879	0	18.1	1008.11	0	0	3
210	296	0	2.92978681	100454.429	100477.541	100454.429	100499.883	45.2818178	8.23359879	0	18.1	1009.41	0	0	3
211	297	0	2.94373817	100453.11	100476.242	100453.11	100498.873	45.2745272	8.23359879	0	18.1	1010.73	0	0	3
212	299	0	2.95768954	100451.81	100474.934	100451.81	100497.595	45.2775522	8.23359879	0	18.1	1012.03	0	0	3
213	300	0	2.9716409	100450.508	100473.626	100450.508	100496.461	45.2844866	8.23359879	0	18.1	1013.33	0	0	3
214	301	0	2.98559227	100449.203	100472.314	100449.203	100495.149	45.3026414	8.23359879	0	18.1	1014.64	0	0	3
215	303	0	2.99954364	100447.891	100471.001	100447.891	100493.997	45.3230067	8.23359879	0	18.1	1015.95	0	0	3
216	304	0	3.013495	100446.584	100469.684	100446.584	100492.702	45.3504624	8.23359879	0	18.1	1017.25	0	0	3
217	305	0	3.02744637	100445.276	100468.367	100445.276	100491.569	45.3812207	8.23359879	0	18.1	1018.56	0	0	3
218	307	0	3.04139773	100443.996	100467.045	100443.996	100490.265	45.4184084	8.23359879	0	18.1	1019.84	0	0	3
219	308	0	3.0553491	100442.731	100465.725	100442.731	100488.963	45.4532946	8.23359879	0	18.1	1021.11	0	0	3
220	310	0	3.06930047	100441.624	100464.41	100441.624	100487.651	45.4843972	8.23359879	0	18.1	1022.21	0	0	3
221	311	0	3.08325183	100440.347	100463.096	100440.347	100486.337	45.5128017	8.23359879	0	18	1023.49	0	0	3
222	312	0	3.0972032	100439.009	100461.781	100439.009	100485.014	45.5434915	8.23359879	0	18	1024.83	0	0	3
223	314	0	3.11115456	100437.648	100460.465	100437.648	100483.714	45.5735883	8.23359879	0	18	1026.19	0	0	3
224	315	0	3.12510593	100436.217	100459.146	100436.217	100482.408	45.6088508	8.23359879	0	18	1027.62	0	0	3
225	316	0	3.13905729	100435.052	100457.831	100435.052	100481.094	45.6382898	8.23359879	0	18	1028.79	0	0	3
226	318	0	3.15300866	100433.761	100456.516	100433.761	100479.771	45.6685418	8.23359879	0	18	1030.08	0	0	3
227	319	0	3.16696003	100432.581	100455.205	100432.581	100478.463	45.6926344	8.23359879	0	18	1031.26	0	0	3
228	320	0	3.18091139	100431.159	100453.891	100431.159	100477.158	45.7210664	8.23359879	0	18	1032.68	0	0	3
229	322	0	3.19486276	100429.984	100452.581	100429.984	100475.856	45.7444986	8.23359879	0	17.9	1033.85	0	0	3
230	323	0	3.20881412	100428.584	100451.267	100428.584	100474.481	45.7705494	8.23359879	0	17.9	1035.25	0	0	3
231	325	0	3.22276549	100427.353	100449.958	100427.353	100473.004	45.6510449	8.23359879	0	18	1036.49	0	0	3
232	326	0	3.23671685	100425.964	100448.652	100425.964	100471.599	45.6352793	8.23359879	0	18	1037.87	0	0	3
233	327	0	3.25066822	100424.741	100447.35	100424.741	100470.149	45.4086805	8.23359879	0	18.1	1039.1	0	0	3
234	329	0	3.26461959	100423.348	100446.05	100423.348	100468.81	45.4615366	8.23359879	0	18.1	1040.49	0	0	3
235	330	0	3.27857095	100422.296	100444.758	100422.296	100467.513	45.2175616	8.23359879	0	18.2	1041.54	0	0	3
236	331	0	3.29252232	100420.993	100443.466	100420.993	100466.177	45.1843135	8.23359879	0	18.2	1042.85	0	0	3
237	333	0	3.30647368	100419.816	100442.178	100419.816	100464.885	45.069299	8.23359879	0	18.2	1044.02	0	0	3
238	334	0	3.32042505	100418.538	100440.89	100418.538	100463.565	45.0275071	8.23359879	0	18.2	1045.3	0	0	3
239	335	0	3.33437641	100417.228	100439.603	100417.228	100462.263	45.0349844	8.23359879	0	18.2	1046.61	0	0	3
240	337	0	3.34832778	100415.925	100438.316	100415.925	100460.935	45.0100831	8.23359879	0	18.2	1047.91	0	0	3
241	338	0	3.36227915	100414.623	100437.03	100414.623	100459.645	45.0214925	8.23359879	0	18.2	1049.22	0	0	3
242	339	0	3.37623051	100413.321	100435.743	100413.321	100458.335	45.0141208	8.23359879	0	18.2	1050.52	0	0	3
243	341	0	3.39018188	100412.005	100434.456	100412.005	100457.032	45.0261141	8.23359879	0	18.2	1051.83	0	0	3
244	342	0	3.40413324	100410.714	100433.169	100410.714	100455.731	45.0169277	8.23359879	0	18.2	1053.12	0	0	3
245	344	0	3.41808461	100409.38	100431.882	100409.38	100454.429	45.0485602	8.23359879	0	18.2	1054.46	0	0	3
246	345	0	3.43203597	100408.072	100430.594	100408.072	100453.11	45.0372607	8.23359879	0	18.2	1055.77	0	0	3
247	346	0	3.44598734	100406.755	100429.307	100406.755	100451.81	45.055467	8.23359879	0	18.2	1057.08	0	0	3
248	348	0	3.45993871	100405.458	100428.019	100405.458	100450.508	45.0497114	8.23359879	0	18.2	1058.38	0	0	3
249	349	0	3.47389007	100404.317	100426.736	100404.317	100449.203	44.8863565	8.23359879	0	18.3	1059.52	0	0	3
250	350	0	3.48784144	100403.04	100425.454	100403.04	100447.891	44.8510913	8.23359879	0	18.3	1060.8	0	0	3
251	352	0	3.5017928	100401.725	100424.171	100401.725	100446.584	44.8592273	8.23359879	0	18.3	1062.11	0	0	3
252	353	0	3.51574417	100400.428	100422.889	100400.428	100445.276	44.8484895	8.23359879	0	18.3	1063.41	0	0	3
253	354	0	3.52969553	100399.12	100421.607	100399.12	100443.996	44.8754472	8.23359879	0	18.3	1064.72	0	0	3
254	356	0	3.5436469	100397.822	100420.324	100397.822	100442.731	44.9090838	8.23359879	0	18.3	1066.02	0	0	3
255	357	0	3.55759827	100396.534	100419.041	100396.534	100441.624	45.0899473	8.23359879	0	18.2	1067.3	0	0	3
256	358	0	3.57154963	100395.246	100417.753	100395.246	100440.347	45.101771	8.23359879	0	18.2	1068.59	0	0	3
257	360	0	3.585501	100393.943	100416.464	100393.943	100439.009	45.0651784	8.23359879	0	18.2	1069.9	0	0	3
258	361	0	3.59945236	100392.626	100415.175	100392.626	100437.648	45.0221324	8.23359879	0	18.2	1071.21	0	0	3
259	362	0	3.61340373	100391.32	100413.889	100391.32	100436.217	44.8966835	8.23359879	0	18.3	1072.52	0	0	3
260	364	0	3.6273551	100389.999	100412.605	100389.999	100435.052	45.0528392	8.23359879	0	18.2	1073.84	0	0	3
261	365	0	3.64130646	100388.7	100411.317	100388.7	100433.761	45.0617654	8.23359879	0	18.2	1075.14	0	0	3
262	367	0	3.65525783	100387.37	100410.029	100387.37	100432.581	45.1763956	8.23359879	0	18.2	1076.47	0	0	3
263	368	0	3.66920919	100386.242	100408.741	100386.242	100431.159	44.9170703	8.23359879	0	18.3	1077.6	0	0	3
264	369	0	3.68316056	100384.937	100407.457	100384.937	100429.984	45.0474656	8.23359879	0	18.2	1078.9	0	0	3
265	371	0	3.69711192	100383.641	100406.17	100383.641	100428.584	44.9435442	8.23359879	0	18.3	1080.2	0	0	3
266	372	0	3.71106329	100382.328	100404.885	100382.328	100427.353	45.0256396	8.23359879	0	18.2	1081.51	0	0	3
267	373	0	3.72501466	100381.047	100403.599	100381.047	100425.964	44.9164572	8.23359879	0	18.3	1082.79	0	0	3
268	375	0	3.73896602	100379.721	100402.314	100379.721	100424.741	45.0194088	8.23359879	0	18.2	1084.12	0	0	3
269	376	0	3.75291739	100378.418	100401.028	100378.418	100423.348	44.9300859	8.23359879	0	18.3	1085.42	0	0	3
270	378	0	3.76686875	100377.09	100399.743	100377.09	100422.296	45.015271	8.23359879	0	18.2	1086.75	0	0	3
271	379	0	3.78082012	100375.796	100398.451	100375.796	100420.993	45.01469	8.23359879	0	18.2	1088.04	0	0	3
272	380	0	3.79477148	100374.467	100397.159	100374.467	100419.816	45.0192544	8.23359879	0	18.2	1089.37	0	0	3
273	382	0	3.80872285	100373.162	100395.863	100373.162	100418.538	45.0277775	8.23359879	0	18.2	1090.68	0	0	3
274	383	0	3.82267422	100371.831	100394.565	100371.831	100417.228	45.0380317	8.23359879	0	18.2	1092.01	0	0	3
275	384	0	3.83662558	100370.538	100393.268	100370.538	100415.925	45.0478151	8.23359879	0	18.2	1093.3	0	0	3
276	386	0	3.85057695	100369.216	100391.971	100369.216	100414.623	45.0588602	8.23359879	0	18.2	1094.62	0	0	3
277	387	0	3.86452831	100368.1	100390.679	100368.1	100413.321	45.0644043	8.23359879	0	18.2	1095.74	0	0	3
278	388	0	3.87847968	100366.795	100389.386	100366.795	100412.005	45.0698696	8.23359879	0	18.2	1097.04	0	0	3
279	390	0	3.89243104	100365.479	100388.094	100365.479	100410.714	45.0756628	8.23359879	0	18.2	1098.36	0	0	3
280	391	0	3.90638241	100364.158	100386.801	100364.158	100409.38	45.0813555	8.23359879	0	18.2	1099.68	0	0	3
281	392	0	3.92033378	100362.846	100385.508	100362.846	100408.072	45.0862921	8.23359879	0	18.2	1100.99	0	0	3
282	394	0	3.93428514	100361.514	100384.215	100361.514	100406.755	45.0919523	8.23359879	0	18.2	1102.33	0	0	3
283	395	0	3.94823651	100360.2	100382.921	100360.2	100405.458	45.0975808	8.23359879	0	18.2	1103.64	0	0	3
284	397	0	3.96218787	100358.879	100381.628	100358.879	100404.317	45.1083599	8.23359879	0	18.2	1104.96	0	0	3
285	398	0	3.97613924	100357.578	100380.329	100357.578	100403.04	45.124337	8.23359879	0	18.2	1106.26	0	0	3
286	399	0	3.9900906	100356.272	100379.03	100356.272	100401.725	45.1410507	8.23359879	0	18.2	1107.57	0	0	3
287	401	0	4.00404197	100355.003	100377.732	100355.003	100400.428	45.1567508	8.23359879	0	18.2	1108.84	0	0	3
