Iteration	CPUTime	PhysTime	Travels	Value	AvValue	MinValue	MaxValue	Delta	Criteria	Progress	dGMaxMin	CriteriaType	CriteriaVarType	CriteriaPercentage
1	8	0	0.0139513658	-6.58213472	-6.58213472	-6.58213472	-6.58213472	0	0	0	0	0	0	0	3
2	10	0	0.0279027315	-5.93175795	-6.25694634	-6.58213472	-5.93175795	0.325188389	0	0	0	0	0	0	3
3	11	0	0.0418540973	-7.27813987	-6.59734418	-7.27813987	-5.93175795	0.340397844	0	0	0	0	0	0	3
4	13	0	0.055805463	-7.89927373	-6.92282657	-7.89927373	-5.93175795	0.665880231	0	0	0	0	0	0	3
5	14	0	0.0697568288	-8.62280046	-7.26282134	-8.62280046	-5.93175795	1.00587501	0	0	0	0	0	0	3
6	16	0	0.0837081945	-9.3924567	-7.61776057	-9.3924567	-5.93175795	1.36081423	0	0	0	0	0	0	3
7	17	0	0.0976595603	-10.1889789	-7.98507748	-10.1889789	-5.93175795	1.72813114	0	0	0	0	0	0	3
8	18	0	0.111610926	-10.4997752	-8.29941469	-10.4997752	-5.93175795	2.04246836	0	0	0	0	0	0	3
9	20	0	0.125562292	-10.6034128	-8.55541448	-10.6034128	-5.93175795	2.29846815	0	0	0	0	0	0	3
10	21	0	0.139513658	-10.5576242	-8.75563546	-10.6034128	-5.93175795	2.49868912	0	0	0	0	0	0	3
11	22	0	0.153465023	-10.516015	-8.91566996	-10.6034128	-5.93175795	2.65872362	0	0	0	0	0	0	3
12	23	0	0.167416389	-10.4191448	-9.04095953	-10.6034128	-5.93175795	2.78401319	0	0	0	0	0	0	3
13	25	0	0.181367755	-10.3507418	-9.14171201	-10.6034128	-5.93175795	2.88476568	0	0	0	0	0	0	3
14	26	0	0.195319121	-10.2412602	-9.22025117	-10.6034128	-5.93175795	2.96330483	0	0	0	0	0	0	3
15	27	0	0.209270486	-10.1532951	-9.2824541	-10.6034128	-5.93175795	3.02550776	0	0	0	0	0	0	3
16	29	0	0.223221852	-10.0189003	-9.32848198	-10.6034128	-5.93175795	3.07153565	0	0	0	0	0	0	3
17	30	0	0.237173218	-9.94120872	-9.36452473	-10.6034128	-5.93175795	3.1075784	0	0	0	0	0	0	3
18	32	0	0.251124584	-9.8751341	-9.39289192	-10.6034128	-5.93175795	3.13594558	0	0	0	0	0	0	3
19	33	0	0.265075949	-9.83149648	-9.41597637	-10.6034128	-5.93175795	3.15903004	0	0	0	0	0	0	3
20	34	0	0.279027315	-9.77145142	-9.43375012	-10.6034128	-5.93175795	3.17680379	0	0	0	0	0	0	3
21	36	0	0.292978681	-9.76747703	-9.44964188	-10.6034128	-5.93175795	3.19269555	0	0	0	0	0	0	3
22	37	0	0.306930047	-9.73756191	-9.46272915	-10.6034128	-5.93175795	3.20578282	0	0	0	0	0	0	3
23	38	0	0.320881412	-9.72942759	-9.47432474	-10.6034128	-5.93175795	3.2173784	0	0	0	0	0	0	3
24	40	0	0.334832778	-9.75161031	-9.4858783	-10.6034128	-5.93175795	3.22893197	0	0	0	0	0	0	3
25	41	0	0.348784144	-9.75828948	-9.49677475	-10.6034128	-5.93175795	3.23982842	0	0	0	0	0	0	3
26	43	0	0.36273551	-9.76932908	-9.50725761	-10.6034128	-5.93175795	3.25031127	0	0	0	0	0	0	3
27	44	0	0.376686875	-9.79369905	-9.51786655	-10.6034128	-5.93175795	3.26092022	0	0	0	0	0	0	3
28	45	0	0.390638241	-9.78743395	-9.52749396	-10.6034128	-5.93175795	3.27054762	0	0	0	0	0	0	3
29	47	0	0.404589607	-9.81193421	-9.53730224	-10.6034128	-5.93175795	3.28035591	0	0	0	0	0	0	3
30	48	0	0.418540973	-9.82345781	-9.54684076	-10.6034128	-5.93175795	3.28989443	0	0	0	0	0	0	3
31	50	0	0.432492338	-9.85630062	-9.55682334	-10.6034128	-5.93175795	3.299877	0	0	0	0	0	0	3
32	51	0	0.446443704	-9.84330338	-9.56577584	-10.6034128	-5.93175795	3.3088295	0	0	0	0	0	0	3
33	52	0	0.46039507	-9.83729819	-9.57400379	-10.6034128	-5.93175795	3.31705745	0	0	0	0	0	0	3
34	54	0	0.474346436	-9.85662664	-9.58231623	-10.6034128	-5.93175795	3.32536989	0	0	0	0	0	0	3
35	55	0	0.488297801	-9.81590677	-9.58899024	-10.6034128	-5.93175795	3.33204391	0	0	0	0	0	0	3
36	57	0	0.502249167	-9.87344757	-9.59689184	-10.6034128	-5.93175795	3.3399455	0	0	0	0	0	0	3
37	58	0	0.516200533	-9.80809123	-9.68650174	-10.6034128	-5.93175795	3.4295554	0	0	0	0	0	0	3
38	60	0	0.530151899	-9.82801482	-9.7947311	-10.6034128	-7.27813987	3.19738692	0	0	0	0	0	0	3
39	61	0	0.544103264	-9.87812922	-9.86695302	-10.6034128	-7.89927373	2.70413909	0	0	0	0	0	0	3
40	63	0	0.55805463	-9.77548696	-9.91907006	-10.6034128	-8.62280046	1.98061236	0	0	0	0	0	0	3
41	64	0	0.572005996	-9.80994976	-9.95204643	-10.6034128	-9.3924567	1.21095612	0	0	0	0	0	0	3
42	65	0	0.585957362	-9.80830137	-9.96359767	-10.6034128	-9.72942759	0.873985226	0	0	0	0	0	0	3
43	67	0	0.599908727	-9.77683046	-9.9521491	-10.6034128	-9.72942759	0.873985226	0	0	0	0	0	0	3
44	68	0	0.613860093	-9.82528079	-9.93341314	-10.6034128	-9.72942759	0.873985226	0	0	0	0	0	0	3
45	70	0	0.627811459	-9.78221516	-9.9106021	-10.5576242	-9.72942759	0.828196608	0	0	0	0	0	0	3
46	71	0	0.641762825	-9.85290687	-9.89102662	-10.516015	-9.72942759	0.786587382	0	0	0	0	0	0	3
47	72	0	0.65571419	-9.92873677	-9.87471333	-10.4191448	-9.72942759	0.689717191	0	0	0	0	0	0	3
48	74	0	0.669665556	-9.87079653	-9.85948144	-10.3507418	-9.72942759	0.621314256	0	0	0	0	0	0	3
49	75	0	0.683616922	-9.91751194	-9.84744727	-10.2412602	-9.72942759	0.511832619	0	0	0	0	0	0	3
50	77	0	0.697568288	-9.82583185	-9.8359076	-10.1532951	-9.72942759	0.423867526	0	0	0	0	0	0	3
51	78	0	0.711519653	-9.90961044	-9.82913858	-10.0189003	-9.72942759	0.289472665	0	0	0	0	0	0	3
52	79	0	0.725471019	-9.84052909	-9.82418382	-9.94120872	-9.72942759	0.211781129	0	0	0	0	0	0	3
53	81	0	0.739422385	-9.84159575	-9.82141679	-9.92873677	-9.72942759	0.19930918	0	0	0	0	0	0	3
54	82	0	0.753373751	-9.75847979	-9.8181764	-9.92873677	-9.72942759	0.19930918	0	0	0	0	0	0	3
55	83	0	0.767325116	-9.83778647	-9.81835112	-9.92873677	-9.72942759	0.19930918	0	0	0	0	0	0	3
56	85	0	0.781276482	-9.74496155	-9.81761529	-9.92873677	-9.72942759	0.19930918	0	0	0	0	0	0	3
57	86	0	0.795227848	-9.80656446	-9.81870105	-9.92873677	-9.72942759	0.19930918	0	0	0	0	0	0	3
58	88	0	0.809179214	-9.80980767	-9.82070788	-9.92873677	-9.72942759	0.19930918	0	0	0	0	0	0	3
59	89	0	0.823130579	-9.81423397	-9.82306361	-9.92873677	-9.74496155	0.183775221	0	0	0	0	0	0	3
60	90	0	0.837081945	-9.78960461	-9.82411901	-9.92873677	-9.74496155	0.183775221	0	0	0	0	0	0	3
61	92	0	0.851033311	-9.81272476	-9.8256311	-9.92873677	-9.74496155	0.183775221	0	0	0	0	0	0	3
62	93	0	0.864984677	-9.83023373	-9.82732289	-9.92873677	-9.74496155	0.183775221	0	0	0	0	0	0	3
63	95	0	0.878936042	-9.84681887	-9.82879844	-9.92873677	-9.74496155	0.183775221	0	0	0	0	0	0	3
64	96	0	0.892887408	-9.72396216	-9.82703534	-9.92873677	-9.72396216	0.20477461	0	0	0	0	0	0	3
65	97	0	0.906838774	-9.88587147	-9.82908915	-9.92873677	-9.72396216	0.20477461	0	0	0	0	0	0	3
66	99	0	0.92079014	-9.73702335	-9.8266882	-9.92873677	-9.72396216	0.20477461	0	0	0	0	0	0	3
67	100	0	0.934741505	-9.90644936	-9.82808122	-9.92873677	-9.72396216	0.20477461	0	0	0	0	0	0	3
68	101	0	0.948692871	-9.76458641	-9.82589463	-9.92873677	-9.72396216	0.20477461	0	0	0	0	0	0	3
69	103	0	0.962644237	-9.90962419	-9.82790369	-9.92873677	-9.72396216	0.20477461	0	0	0	0	0	0	3
70	104	0	0.976595603	-9.84325591	-9.82753228	-9.92873677	-9.72396216	0.20477461	0	0	0	0	0	0	3
71	106	0	0.990546968	-9.91547349	-9.83029802	-9.92873677	-9.72396216	0.20477461	0	0	0	0	0	0	3
72	107	0	1.00449833	-9.8209605	-9.82884005	-9.92873677	-9.72396216	0.20477461	0.0997581885	0	48.7	0	0	0	3
73	108	0	1.0184497	-9.92746939	-9.83215611	-9.92873677	-9.72396216	0.168866571	0.0997581885	0	59	0	0	0	3
74	110	0	1.03240107	-9.77134239	-9.83058187	-9.92873677	-9.72396216	0.145982378	0.0997581885	0	68.3	0	0	0	3
75	111	0	1.04635243	-9.94163827	-9.83234601	-9.94163827	-9.72396216	0.145982378	0.0997581885	0	68.3	0	0	0	3
76	112	0	1.0603038	-9.7608463	-9.83193933	-9.94163827	-9.72396216	0.145982378	0.0997581885	0	68.3	0	0	0	3
77	114	0	1.07425516	-9.86840711	-9.83356314	-9.94163827	-9.72396216	0.145982378	0.0997581885	0	68.3	0	0	0	3
78	115	0	1.08820653	-9.73677829	-9.83157639	-9.94163827	-9.72396216	0.134533809	0.0997581885	0	74.1	0	0	0	3
79	117	0	1.10215789	-9.80812793	-9.83244577	-9.94163827	-9.72396216	0.115797853	0.0997581885	0	86.1	0	0	0	3
80	118	0	1.11610926	-9.73388337	-9.82990695	-9.94163827	-9.72396216	0.0929868072	0.0997581885	0	100	0	0	0	3
81	119	0	1.13006063	-9.81241387	-9.8307458	-9.94163827	-9.72396216	0.0734113257	0.0997581885	0	100	0	0	0	3
82	121	0	1.14401199	-9.71853486	-9.82701325	-9.94163827	-9.71853486	0.0570980423	0.0997581885	0	100	0	0	0	3
83	122	0	1.15796336	-9.83072432	-9.82429068	-9.94163827	-9.71853486	0.0418661464	0.0997581885	0	100	0	0	0	3
84	123	0	1.17191472	-9.72432975	-9.82022216	-9.94163827	-9.71853486	0.0298319824	0.0997581885	0	100	0	0	0	3
85	125	0	1.18586609	-9.84835439	-9.81830111	-9.94163827	-9.71853486	0.0182923058	0.0997581885	0	100	0	0	0	3
86	126	0	1.19981745	-9.6963043	-9.81470313	-9.94163827	-9.6963043	0.0188600178	0.0997581885	0	100	0	0	0	3
87	128	0	1.21376882	-9.82828005	-9.81244395	-9.94163827	-9.6963043	0.0211191952	0.0997581885	0	100	0	0	0	3
88	129	0	1.22772019	-9.69007765	-9.80826474	-9.94163827	-9.69007765	0.0252984019	0.0997581885	0	100	0	0	0	3
89	130	0	1.24167155	-9.84886983	-9.8084668	-9.94163827	-9.69007765	0.0252984019	0.0997581885	0	100	0	0	0	3
90	132	0	1.25562292	-9.68368322	-9.80638912	-9.94163827	-9.68368322	0.0271740265	0.0997581885	0	100	0	0	0	3
91	133	0	1.26957428	-9.84394157	-9.80656009	-9.94163827	-9.68368322	0.0271740265	0.0997581885	0	100	0	0	0	3
92	134	0	1.28352565	-9.68331688	-9.80484774	-9.94163827	-9.68331688	0.0287154033	0.0997581885	0	100	0	0	0	3
93	136	0	1.29747701	-9.84845161	-9.80601127	-9.94163827	-9.68331688	0.0287154033	0.0997581885	0	100	0	0	0	3
94	137	0	1.31142838	-9.68556673	-9.80256013	-9.94163827	-9.68331688	0.0310030086	0.0997581885	0	100	0	0	0	3
95	138	0	1.32537975	-9.83646765	-9.80317774	-9.94163827	-9.68331688	0.0310030086	0.0997581885	0	100	0	0	0	3
96	140	0	1.33933111	-9.69133401	-9.800448	-9.94163827	-9.68331688	0.033115145	0.0997581885	0	100	0	0	0	3
97	141	0	1.35328248	-9.8309054	-9.80095302	-9.94163827	-9.68331688	0.033115145	0.0997581885	0	100	0	0	0	3
98	143	0	1.36723384	-9.68652871	-9.79696121	-9.94163827	-9.68331688	0.0366019332	0.0997581885	0	100	0	0	0	3
99	144	0	1.38118521	-9.83200427	-9.79654969	-9.94163827	-9.68331688	0.0370134499	0.0997581885	0	100	0	0	0	3
100	145	0	1.39513658	-9.69326063	-9.79569687	-9.94163827	-9.68331688	0.03786627	0.0997581885	0	100	0	0	0	3
101	147	0	1.40908794	-9.82365742	-9.79396871	-9.94163827	-9.68331688	0.0395944381	0.0997581885	0	100	0	0	0	3
102	148	0	1.42303931	-9.68632625	-9.79256045	-9.94163827	-9.68331688	0.0410026908	0.0997581885	0	100	0	0	0	3
103	150	0	1.43699067	-9.82382043	-9.7902652	-9.94163827	-9.68331688	0.0432979386	0.0997581885	0	100	0	0	0	3
104	151	0	1.45094204	-9.69821409	-9.78842153	-9.94163827	-9.68331688	0.0451416144	0.0997581885	0	100	0	0	0	3
105	153	0	1.4648934	-9.81552872	-9.78580777	-9.94163827	-9.68331688	0.0477553774	0.0997581885	0	100	0	0	0	3
106	154	0	1.47884477	-9.69031048	-9.78155928	-9.94163827	-9.68331688	0.0520038615	0.0997581885	0	100	0	0	0	3
107	155	0	1.49279614	-9.81543422	-9.77878041	-9.94163827	-9.68331688	0.0547827302	0.0997581885	0	100	0	0	0	3
108	157	0	1.5067475	-9.70183056	-9.77547125	-9.94163827	-9.68331688	0.0580918952	0.0997581885	0	100	0	0	0	3
109	158	0	1.52069887	-9.81215164	-9.77226798	-9.94163827	-9.68331688	0.061295166	0.0997581885	0	100	0	0	0	3
110	160	0	1.53465023	-9.696493	-9.77018883	-9.94163827	-9.68331688	0.0633743157	0.0997581885	0	100	0	0	0	3
111	161	0	1.5486016	-9.81534064	-9.76668056	-9.86840711	-9.68331688	0.0668825831	0.0997581885	0	100	0	0	0	3
112	162	0	1.56255296	-9.70596437	-9.76515606	-9.86840711	-9.68331688	0.068407081	0.0997581885	0	100	0	0	0	3
113	164	0	1.57650433	-9.80739479	-9.76346128	-9.84886983	-9.68331688	0.0689844901	0.0997581885	0	100	0	0	0	3
114	165	0	1.5904557	-9.69818088	-9.76238913	-9.84886983	-9.68331688	0.0700566404	0.0997581885	0	100	0	0	0	3
115	166	0	1.60440706	-9.80904368	-9.76241456	-9.84886983	-9.68331688	0.0683566765	0.0997581885	0	100	0	0	0	3
116	168	0	1.61835843	-9.70754128	-9.76168284	-9.84886983	-9.68331688	0.0690629636	0.0997581885	0	100	0	0	0	3
117	169	0	1.63230979	-9.80804645	-9.76156152	-9.84886983	-9.68331688	0.0654517252	0.0997581885	0	100	0	0	0	3
118	170	0	1.64626116	-9.69921338	-9.76102481	-9.84886983	-9.68331688	0.063265865	0.0997581885	0	100	0	0	0	3
119	172	0	1.66021252	-9.8074085	-9.76037715	-9.84886983	-9.68331688	0.0598450048	0.0997581885	0	100	0	0	0	3
120	173	0	1.67416389	-9.68976006	-9.75941688	-9.84886983	-9.68331688	0.0588842309	0.0997581885	0	100	0	0	0	3
121	174	0	1.68811526	-9.80367763	-9.75817586	-9.84886983	-9.68331688	0.0565272644	0.0997581885	0	100	0	0	0	3
122	176	0	1.70206662	-9.68091556	-9.7577484	-9.84886983	-9.68091556	0.0546955519	0.0997581885	0	100	0	0	0	3
123	177	0	1.71601799	-9.80175973	-9.75701172	-9.84886983	-9.68091556	0.0514550786	0.0997581885	0	100	0	0	0	3
124	178	0	1.72996935	-9.68173084	-9.75677986	-9.84886983	-9.68091556	0.0516869345	0.0997581885	0	100	0	0	0	3
125	180	0	1.74392072	-9.80057499	-9.75543834	-9.84845161	-9.68091556	0.0511217504	0.0997581885	0	100	0	0	0	3
126	181	0	1.75787208	-9.68272538	-9.75541173	-9.84845161	-9.68091556	0.051148357	0.0997581885	0	100	0	0	0	3
127	183	0	1.77182345	-9.80292457	-9.75427237	-9.84845161	-9.68091556	0.0517388982	0.0997581885	0	100	0	0	0	3
128	184	0	1.78577482	-9.69333462	-9.75455064	-9.84845161	-9.68091556	0.0517388982	0.0997581885	0	100	0	0	0	3
129	185	0	1.79972618	-9.79931469	-9.75318573	-9.83646765	-9.68091556	0.0499920075	0.0997581885	0	100	0	0	0	3
130	187	0	1.81367755	-9.72989941	-9.75441719	-9.83646765	-9.68091556	0.0499920075	0.0997581885	0	100	0	0	0	3
131	188	0	1.82762891	-9.8004722	-9.75341732	-9.83200427	-9.68091556	0.0477672864	0.0997581885	0	100	0	0	0	3
132	189	0	1.84158028	-9.69186343	-9.75343203	-9.83200427	-9.68091556	0.0477672864	0.0997581885	0	100	0	0	0	3
133	191	0	1.85553164	-9.79431393	-9.7524156	-9.83200427	-9.68091556	0.0445456142	0.0997581885	0	100	0	0	0	3
134	192	0	1.86948301	-9.69121322	-9.75254572	-9.83200427	-9.68091556	0.0441340976	0.0997581885	0	100	0	0	0	3
135	193	0	1.88343438	-9.77553418	-9.75097711	-9.82382043	-9.68091556	0.0447197658	0.0997581885	0	100	0	0	0	3
136	195	0	1.89738574	-9.68618004	-9.75078042	-9.82382043	-9.68091556	0.0431882809	0.0997581885	0	100	0	0	0	3
137	196	0	1.91133711	-9.73235681	-9.7482443	-9.82382043	-9.68091556	0.0443161565	0.0997581885	0	100	0	0	0	3
138	197	0	1.92528847	-9.69205926	-9.74840355	-9.82382043	-9.68091556	0.0420209086	0.0997581885	0	100	0	0	0	3
139	199	0	1.93923984	-9.76123123	-9.74666496	-9.81552872	-9.68091556	0.0417565716	0.0997581885	0	100	0	0	0	3
140	200	0	1.95319121	-9.69561896	-9.74659287	-9.81552872	-9.68091556	0.0392148955	0.0997581885	0	100	0	0	0	3
141	201	0	1.96714257	-9.74985003	-9.74476846	-9.81543422	-9.68091556	0.0367908195	0.0997581885	0	100	0	0	0	3
142	203	0	1.98109394	-9.7003069	-9.74504614	-9.81543422	-9.68091556	0.0340119508	0.0997581885	0	100	0	0	0	3
143	204	0	1.9950453	-9.75378962	-9.74333379	-9.81534064	-9.68091556	0.0321374575	0.0997581885	0	100	0	0	0	3
144	206	0	2.00899667	-9.70197519	-9.74333781	-9.81534064	-9.68091556	0.0289341867	0.0997581885	0	100	0	0	0	3
145	207	0	2.02294803	-9.74074974	-9.74135442	-9.81534064	-9.68091556	0.0288344055	0.0997581885	0	100	0	0	0	3
146	208	0	2.0368994	-9.71667367	-9.741915	-9.81534064	-9.68091556	0.025326138	0.0997581885	0	100	0	0	0	3
147	210	0	2.05085077	-9.73803356	-9.73976758	-9.80904368	-9.68091556	0.025388485	0.0997581885	0	100	0	0	0	3
148	211	0	2.06480213	-9.70375381	-9.73970617	-9.80904368	-9.68091556	0.0237551026	0.0997581885	0	100	0	0	0	3
149	212	0	2.0787535	-9.75241666	-9.738179	-9.80904368	-9.68091556	0.02423556	0.0997581885	0	100	0	0	0	3
150	214	0	2.09270486	-9.75670457	-9.73980466	-9.80904368	-9.68091556	0.02423556	0.0997581885	0	100	0	0	0	3
151	215	0	2.10665623	-9.7631416	-9.7385296	-9.80804645	-9.68091556	0.0235038355	0.0997581885	0	100	0	0	0	3
152	216	0	2.12060759	-9.72234648	-9.73894086	-9.80804645	-9.68091556	0.0233825182	0.0997581885	0	100	0	0	0	3
153	218	0	2.13455896	-9.77101414	-9.73791218	-9.8074085	-9.68091556	0.0231126302	0.0997581885	0	100	0	0	0	3
154	219	0	2.14851033	-9.71910901	-9.73846484	-9.8074085	-9.68091556	0.0224649686	0.0997581885	0	100	0	0	0	3
155	220	0	2.16246169	-9.78211283	-9.73776218	-9.80367763	-9.68091556	0.0216547007	0.0997581885	0	100	0	0	0	3
156	222	0	2.17641306	-9.7227705	-9.73867914	-9.80367763	-9.68091556	0.0204136795	0.0997581885	0	100	0	0	0	3
157	223	0	2.19036442	-9.79669001	-9.73848504	-9.80292457	-9.68091556	0.0199862146	0.0997581885	0	100	0	0	0	3
158	224	0	2.20431579	-9.65491789	-9.73776288	-9.80292457	-9.65491789	0.0192495391	0.0997581885	0	100	0	0	0	3
159	226	0	2.21826715	-9.80240428	-9.73778078	-9.80292457	-9.65491789	0.0190176831	0.0997581885	0	100	0	0	0	3
160	227	0	2.23221852	-9.6469146	-9.73681367	-9.80292457	-9.6469146	0.0186246751	0.0997581885	0	100	0	0	0	3
161	229	0	2.24616989	-9.7957579	-9.73667986	-9.80292457	-9.6469146	0.0187318767	0.0997581885	0	100	0	0	0	3
162	230	0	2.26012125	-9.68329566	-9.7366957	-9.80292457	-9.6469146	0.0178707859	0.0997581885	0	100	0	0	0	3
163	231	0	2.27407262	-9.78997292	-9.73633593	-9.80240428	-9.6469146	0.0182147132	0.0997581885	0	100	0	0	0	3
164	233	0	2.28802398	-9.66100549	-9.7354379	-9.80240428	-9.6469146	0.0189792936	0.0997581885	0	100	0	0	0	3
165	234	0	2.30197535	-9.79237516	-9.73524513	-9.80240428	-9.6469146	0.0191720584	0.0997581885	0	100	0	0	0	3
166	235	0	2.31592671	-9.6695124	-9.73356772	-9.80240428	-9.6469146	0.0198643077	0.0997581885	0	100	0	0	0	3
167	237	0	2.32987808	-9.79037376	-9.73328721	-9.80240428	-9.6469146	0.0201448201	0.0997581885	0	100	0	0	0	3
168	238	0	2.34382945	-9.67900189	-9.73292994	-9.80240428	-9.6469146	0.0196157807	0.0997581885	0	100	0	0	0	3
169	239	0	2.35778081	-9.79067484	-9.73282885	-9.80240428	-9.6469146	0.0197168666	0.0997581885	0	100	0	0	0	3
170	241	0	2.37173218	-9.69247011	-9.73286377	-9.80240428	-9.6469146	0.0181482529	0.0997581885	0	100	0	0	0	3
171	242	0	2.38568354	-9.79399931	-9.73337669	-9.80240428	-9.6469146	0.0179515697	0.0997581885	0	100	0	0	0	3
172	243	0	2.39963491	-9.70200137	-9.73381617	-9.80240428	-9.6469146	0.0155746918	0.0997581885	0	100	0	0	0	3
173	245	0	2.41358627	-9.79343854	-9.73551288	-9.80240428	-9.6469146	0.0155746918	0.0997581885	0	100	0	0	0	3
174	246	0	2.42753764	-9.69484431	-9.73559025	-9.80240428	-9.6469146	0.0138361028	0.0997581885	0	100	0	0	0	3
175	248	0	2.44148901	-9.80011686	-9.7366704	-9.80240428	-9.6469146	0.0137640158	0.0997581885	0	100	0	0	0	3
176	249	0	2.45544037	-9.69559545	-9.73666975	-9.80240428	-9.6469146	0.0122172859	0.0997581885	0	100	0	0	0	3
177	250	0	2.46939174	-9.79604045	-9.73795282	-9.80240428	-9.6469146	0.0122172859	0.0997581885	0	100	0	0	0	3
178	252	0	2.4833431	-9.6945818	-9.73779379	-9.80240428	-9.6469146	0.0105089538	0.0997581885	0	100	0	0	0	3
179	253	0	2.49729447	-9.79599868	-9.73896626	-9.80240428	-9.6469146	0.0105089538	0.0997581885	0	100	0	0	0	3
180	254	0	2.51124584	-9.67519411	-9.73822234	-9.80240428	-9.6469146	0.0090861418	0.0997581885	0	100	0	0	0	3
181	256	0	2.5251972	-9.79488208	-9.73972602	-9.80240428	-9.6469146	0.0090861418	0.0997581885	0	100	0	0	0	3
182	257	0	2.53914857	-9.67117158	-9.73846207	-9.80240428	-9.6469146	0.00697580592	0.0997581885	0	100	0	0	0	3
183	258	0	2.55309993	-9.79449395	-9.74003042	-9.80240428	-9.6469146	0.00720156105	0.0997581885	0	100	0	0	0	3
184	260	0	2.5670513	-9.72389684	-9.74058994	-9.80240428	-9.6469146	0.00776108946	0.0997581885	0	100	0	0	0	3
185	261	0	2.58100266	-9.7963976	-9.74181164	-9.80240428	-9.6469146	0.00898278239	0.0997581885	0	100	0	0	0	3
186	263	0	2.59495403	-9.67383593	-9.73950973	-9.80240428	-9.6469146	0.00898278239	0.0997581885	0	100	0	0	0	3
187	264	0	2.6089054	-9.79583084	-9.74041776	-9.80240428	-9.6469146	0.00898278239	0.0997581885	0	100	0	0	0	3
188	265	0	2.62285676	-9.69833564	-9.7397508	-9.80240428	-9.6469146	0.00898278239	0.0997581885	0	100	0	0	0	3
189	267	0	2.63680813	-9.79434942	-9.740399	-9.80240428	-9.6469146	0.00898278239	0.0997581885	0	100	0	0	0	3
190	268	0	2.65075949	-9.7346255	-9.74083001	-9.80240428	-9.6469146	0.00898278239	0.0997581885	0	100	0	0	0	3
191	269	0	2.66471086	-9.7961188	-9.74121907	-9.80240428	-9.6469146	0.00898278239	0.0997581885	0	100	0	0	0	3
192	271	0	2.67866222	-9.70786073	-9.74080491	-9.80240428	-9.6469146	0.00898278239	0.0997581885	0	100	0	0	0	3
193	272	0	2.69261359	-9.8003186	-9.7409057	-9.80240428	-9.6469146	0.00898278239	0.0997581885	0	100	0	0	0	3
194	274	0	2.70656496	-9.72843465	-9.74294783	-9.80240428	-9.6469146	0.0101189794	0.0997581885	0	100	0	0	0	3
195	275	0	2.72051632	-9.79354865	-9.74270184	-9.8003186	-9.6469146	0.0101189794	0.0997581885	0	100	0	0	0	3
196	276	0	2.73446769	-9.72608394	-9.74490099	-9.8003186	-9.66100549	0.0120721381	0.0997581885	0	100	0	0	0	3
197	278	0	2.74841905	-9.80862186	-9.74525833	-9.80862186	-9.66100549	0.0124294705	0.0997581885	0	100	0	0	0	3
198	279	0	2.76237042	-9.71018451	-9.74600524	-9.80862186	-9.66100549	0.0131763829	0.0997581885	0	100	0	0	0	3
199	280	0	2.77632178	-9.79949567	-9.74626976	-9.80862186	-9.66100549	0.0134409039	0.0997581885	0	100	0	0	0	3
200	282	0	2.79027315	-9.71637716	-9.74780786	-9.80862186	-9.6695124	0.0149790058	0.0997581885	0	100	0	0	0	3
201	283	0	2.80422452	-9.80064337	-9.74803753	-9.80862186	-9.6695124	0.0152086783	0.0997581885	0	100	0	0	0	3
202	285	0	2.81817588	-9.69798338	-9.74882839	-9.80862186	-9.67117158	0.0159995389	0.0997581885	0	100	0	0	0	3
203	286	0	2.83212725	-9.79837015	-9.74905052	-9.80862186	-9.67117158	0.016221661	0.0997581885	0	100	0	0	0	3
204	288	0	2.84607861	-9.68220935	-9.74913961	-9.80862186	-9.67117158	0.0163107569	0.0997581885	0	100	0	0	0	3
205	289	0	2.86002998	-9.802076	-9.74945631	-9.80862186	-9.67117158	0.0165925423	0.0997581885	0	100	0	0	0	3
206	290	0	2.87398134	-9.65230371	-9.74834058	-9.80862186	-9.65230371	0.016079622	0.0997581885	0	100	0	0	0	3
207	292	0	2.88793271	-9.79314288	-9.74831679	-9.80862186	-9.65230371	0.0156401405	0.0997581885	0	100	0	0	0	3
208	293	0	2.90188408	-9.69706317	-9.74817962	-9.80862186	-9.65230371	0.0139434256	0.0997581885	0	100	0	0	0	3
209	294	0	2.91583544	-9.79652454	-9.74826534	-9.80862186	-9.65230371	0.0138660632	0.0997581885	0	100	0	0	0	3
210	296	0	2.92978681	-9.64308435	-9.74682756	-9.80862186	-9.64308435	0.0127865599	0.0997581885	0	100	0	0	0	3
211	297	0	2.94373817	-9.79528321	-9.74669329	-9.80862186	-9.64308435	0.0127865599	0.0997581885	0	100	0	0	0	3
212	299	0	2.95768954	-9.65433809	-9.74554725	-9.80862186	-9.64308435	0.0116625232	0.0997581885	0	100	0	0	0	3
213	300	0	2.9716409	-9.79950995	-9.74564363	-9.80862186	-9.64308435	0.0116625232	0.0997581885	0	100	0	0	0	3
214	301	0	2.98559227	-9.75617076	-9.74735443	-9.80862186	-9.64308435	0.0112339684	0.0997581885	0	100	0	0	0	3
215	303	0	2.99954364	-9.79449519	-9.74731267	-9.80862186	-9.64308435	0.0112339684	0.0997581885	0	100	0	0	0	3
216	304	0	3.013495	-9.78660849	-9.75040751	-9.80862186	-9.64308435	0.0119454436	0.0997581885	0	100	0	0	0	3
217	305	0	3.02744637	-9.89853061	-9.75328664	-9.89853061	-9.64308435	0.0148245694	0.0997581885	0	100	0	0	0	3
218	307	0	3.04139773	-9.81154533	-9.75718591	-9.89853061	-9.64308435	0.0176761809	0.0997581885	0	100	0	0	0	3
219	308	0	3.0553491	-9.84566626	-9.75860736	-9.89853061	-9.64308435	0.0190976338	0.0997581885	0	100	0	0	0	3
220	310	0	3.06930047	-9.80424974	-9.76083939	-9.89853061	-9.64308435	0.0213296589	0.0997581885	0	100	0	0	0	3
221	311	0	3.08325183	-9.85482941	-9.7624625	-9.89853061	-9.64308435	0.0229527647	0.0997581885	0	100	0	0	0	3
222	312	0	3.0972032	-9.88100343	-9.76821715	-9.89853061	-9.64308435	0.0284663509	0.0997581885	0	100	0	0	0	3
223	314	0	3.11115456	-9.93384416	-9.77205085	-9.93384416	-9.64308435	0.0323000545	0.0997581885	0	100	0	0	0	3
224	315	0	3.12510593	-9.85315409	-9.77635136	-9.93384416	-9.64308435	0.0359523646	0.0997581885	0	100	0	0	0	3
225	316	0	3.13905729	-9.72648537	-9.77446625	-9.93384416	-9.64308435	0.0355464566	0.0997581885	0	100	0	0	0	3
226	318	0	3.15300866	-9.89008359	-9.77878453	-9.93384416	-9.64308435	0.0379796246	0.0997581885	0	100	0	0	0	3
227	319	0	3.16696003	-9.75264628	-9.77757696	-9.93384416	-9.64308435	0.0379796246	0.0997581885	0	100	0	0	0	3
228	320	0	3.18091139	-9.95182974	-9.78435388	-9.95182974	-9.64308435	0.0434481773	0.0997581885	0	100	0	0	0	3
229	322	0	3.19486276	-9.81699266	-9.78481705	-9.95182974	-9.64308435	0.0421152027	0.0997581885	0	100	0	0	0	3
230	323	0	3.20881412	-9.87841369	-9.78898313	-9.95182974	-9.64308435	0.046281287	0.0997581885	0	100	0	0	0	3
231	325	0	3.22276549	-9.83740867	-9.79020147	-9.95182974	-9.64308435	0.0453004726	0.0997581885	0	100	0	0	0	3
232	326	0	3.23671685	-9.83679211	-9.79327669	-9.95182974	-9.64308435	0.0480183671	0.0997581885	0	100	0	0	0	3
233	327	0	3.25066822	-9.82447163	-9.79371696	-9.95182974	-9.64308435	0.0481697085	0.0997581885	0	100	0	0	0	3
234	329	0	3.26461959	-9.86579094	-9.79803936	-9.95182974	-9.64308435	0.0524921095	0.0997581885	0	100	0	0	0	3
235	330	0	3.27857095	-9.74989171	-9.79666148	-9.95182974	-9.64308435	0.0524921095	0.0997581885	0	100	0	0	0	3
236	331	0	3.29252232	-9.86463385	-9.80077972	-9.95182974	-9.64308435	0.0552324634	0.0997581885	0	100	0	0	0	3
237	333	0	3.30647368	-9.82451672	-9.80144287	-9.95182974	-9.64308435	0.055895612	0.0997581885	0	100	0	0	0	3
238	334	0	3.32042505	-9.9021426	-9.80711396	-9.95182974	-9.64308435	0.0615667014	0.0997581885	0	100	0	0	0	3
239	335	0	3.33437641	-9.7501138	-9.8057735	-9.95182974	-9.64308435	0.0615667014	0.0997581885	0	100	0	0	0	3
240	337	0	3.34832778	-9.89379314	-9.81165083	-9.95182974	-9.64308435	0.0661035749	0.0997581885	0	100	0	0	0	3
241	338	0	3.36227915	-9.82261589	-9.81222138	-9.95182974	-9.64308435	0.0666741275	0.0997581885	0	100	0	0	0	3
242	339	0	3.37623051	-9.89082479	-9.81884697	-9.95182974	-9.64308435	0.073299713	0.0997581885	0	100	0	0	0	3
243	341	0	3.39018188	-9.78114101	-9.81851358	-9.95182974	-9.64308435	0.073299713	0.0997581885	0	100	0	0	0	3
244	342	0	3.40413324	-9.87509942	-9.82345903	-9.95182974	-9.64308435	0.0779117789	0.0997581885	0	100	0	0	0	3
245	344	0	3.41808461	-9.73015067	-9.82161532	-9.95182974	-9.64308435	0.0779117789	0.0997581885	0	100	0	0	0	3
246	345	0	3.43203597	-9.86879845	-9.82788515	-9.95182974	-9.65433809	0.0823378966	0.0997581885	0	100	0	0	0	3
247	346	0	3.44598734	-9.75474145	-9.82675899	-9.95182974	-9.65433809	0.0823378966	0.0997581885	0	100	0	0	0	3
248	348	0	3.45993871	-9.86998817	-9.83274927	-9.95182974	-9.72648537	0.0871056416	0.0997581885	0	100	0	0	0	3
249	349	0	3.47389007	-9.75509944	-9.83151565	-9.95182974	-9.72648537	0.0854366007	0.0997581885	0	100	0	0	0	3
250	350	0	3.48784144	-9.87511442	-9.83481964	-9.95182974	-9.72648537	0.0875069661	0.0997581885	0	100	0	0	0	3
251	352	0	3.5017928	-9.75066164	-9.83360204	-9.95182974	-9.72648537	0.0844121222	0.0997581885	0	100	0	0	0	3
252	353	0	3.51574417	-9.86431439	-9.83576054	-9.95182974	-9.72648537	0.082473895	0.0997581885	0	100	0	0	0	3
253	354	0	3.52969553	-9.76690816	-9.83210436	-9.95182974	-9.72648537	0.0785746243	0.0997581885	0	100	0	0	0	3
254	356	0	3.5436469	-9.87126823	-9.83376333	-9.95182974	-9.72648537	0.0771531714	0.0997581885	0	100	0	0	0	3
255	357	0	3.55759827	-9.83777831	-9.83354422	-9.95182974	-9.72648537	0.0749211463	0.0997581885	0	100	0	0	0	3
256	358	0	3.57154963	-9.85639874	-9.8349928	-9.95182974	-9.72648537	0.0732980405	0.0997581885	0	100	0	0	0	3
257	360	0	3.585501	-9.80785581	-9.83368798	-9.95182974	-9.72648537	0.0675433876	0.0997581885	0	100	0	0	0	3
258	361	0	3.59945236	-9.85883662	-9.83307223	-9.95182974	-9.72648537	0.0637096841	0.0997581885	0	100	0	0	0	3
259	362	0	3.61340373	-9.82199525	-9.82996532	-9.95182974	-9.72648537	0.0612942841	0.0997581885	0	100	0	0	0	3
260	364	0	3.6273551	-9.86150363	-9.83019725	-9.95182974	-9.72648537	0.0612942841	0.0997581885	0	100	0	0	0	3
261	365	0	3.64130646	-9.8310681	-9.83310233	-9.95182974	-9.73015067	0.0581835735	0.0997581885	0	100	0	0	0	3
262	367	0	3.65525783	-9.85892578	-9.83223683	-9.95182974	-9.73015067	0.0581835735	0.0997581885	0	100	0	0	0	3
263	368	0	3.66920919	-9.83621359	-9.83455814	-9.95182974	-9.73015067	0.0514066566	0.0997581885	0	100	0	0	0	3
264	369	0	3.68316056	-9.85362094	-9.83183012	-9.9021426	-9.73015067	0.0509434885	0.0997581885	0	100	0	0	0	3
265	371	0	3.69711192	-9.83077674	-9.83221301	-9.9021426	-9.73015067	0.0467774042	0.0997581885	0	100	0	0	0	3
266	372	0	3.71106329	-9.86692929	-9.831894	-9.9021426	-9.73015067	0.0455590704	0.0997581885	0	100	0	0	0	3
267	373	0	3.72501466	-9.83714207	-9.8318866	-9.9021426	-9.73015067	0.0424838434	0.0997581885	0	100	0	0	0	3
268	375	0	3.73896602	-9.86090673	-9.83255645	-9.9021426	-9.73015067	0.0420435721	0.0997581885	0	100	0	0	0	3
269	376	0	3.75291739	-9.83682886	-9.8328997	-9.9021426	-9.73015067	0.0390990587	0.0997581885	0	100	0	0	0	3
270	378	0	3.76686875	-9.86141007	-9.83277801	-9.9021426	-9.73015067	0.0390990587	0.0997581885	0	100	0	0	0	3
271	379	0	3.78082012	-9.83781324	-9.83522028	-9.9021426	-9.73015067	0.0349808172	0.0997581885	0	100	0	0	0	3
272	380	0	3.79477148	-9.85632617	-9.83498951	-9.9021426	-9.73015067	0.0343176687	0.0997581885	0	100	0	0	0	3
273	382	0	3.80872285	-9.83180082	-9.83519185	-9.9021426	-9.73015067	0.0299870333	0.0997581885	0	100	0	0	0	3
274	383	0	3.82267422	-9.86084928	-9.83404481	-9.89379314	-9.73015067	0.0299870333	0.0997581885	0	100	0	0	0	3
275	384	0	3.83662558	-9.83725026	-9.83646527	-9.89379314	-9.73015067	0.0248144356	0.0997581885	0	100	0	0	0	3
276	386	0	3.85057695	-9.85411215	-9.83536302	-9.89082479	-9.73015067	0.024243883	0.0997581885	0	100	0	0	0	3
277	387	0	3.86452831	-9.83455767	-9.83569473	-9.89082479	-9.73015067	0.0179516829	0.0997581885	0	100	0	0	0	3
278	388	0	3.87847968	-9.8601229	-9.8348419	-9.87511442	-9.73015067	0.0179516829	0.0997581885	0	100	0	0	0	3
279	390	0	3.89243104	-9.83306695	-9.83628429	-9.87511442	-9.73015067	0.0148499501	0.0997581885	0	100	0	0	0	3
280	391	0	3.90638241	-9.86834361	-9.83609663	-9.87511442	-9.73015067	0.0148499501	0.0997581885	0	100	0	0	0	3
281	392	0	3.92033378	-9.84674327	-9.83933531	-9.87511442	-9.75066164	0.0125763193	0.0997581885	0	100	0	0	0	3
282	394	0	3.93428514	-9.86515192	-9.83923402	-9.87511442	-9.75066164	0.0125763193	0.0997581885	0	100	0	0	0	3
283	395	0	3.94823651	-9.84383797	-9.84170892	-9.87511442	-9.75066164	0.0117436034	0.0997581885	0	100	0	0	0	3
284	397	0	3.96218787	-9.86271872	-9.84150699	-9.87511442	-9.75066164	0.0117436034	0.0997581885	0	100	0	0	0	3
285	398	0	3.97613924	-9.83019559	-9.843593	-9.87511442	-9.75066164	0.0136276783	0.0997581885	0	100	0	0	0	3
286	399	0	3.9900906	-9.84341392	-9.84271243	-9.87126823	-9.75066164	0.0136276783	0.0997581885	0	100	0	0	0	3
287	401	0	4.00404197	-9.75169953	-9.84274126	-9.87126823	-9.75169953	0.0136276783	0.0997581885	0	100	0	0	0	3
