Iteration	CPUTime	PhysTime	Travels	Value	AvValue	MinValue	MaxValue	Delta	Criteria	Progress	dGMaxMin	CriteriaType	CriteriaVarType	CriteriaPercentage
1	8	0	0.0139513658	7.01501152	7.01501152	7.01501152	7.01501152	0	0	0	0	0	0	0	3
2	10	0	0.0279027315	6.56495722	6.78998437	6.56495722	7.01501152	0.225027149	0	0	0	0	0	0	3
3	11	0	0.0418540973	8.59798279	7.39265051	6.56495722	8.59798279	0.602666141	0	0	0	0	0	0	3
4	13	0	0.055805463	9.58175699	7.93992713	6.56495722	9.58175699	1.14994276	0	0	0	0	0	0	3
5	14	0	0.0697568288	10.0536773	8.36267717	6.56495722	10.0536773	1.5726928	0	0	0	0	0	0	3
6	16	0	0.0837081945	10.4335527	8.7078231	6.56495722	10.4335527	1.91783873	0	0	0	0	0	0	3
7	17	0	0.0976595603	9.47855334	8.81792742	6.56495722	10.4335527	2.02794305	0	0	0	0	0	0	3
8	18	0	0.111610926	9.70763455	8.92914081	6.56495722	10.4335527	2.13915644	0	0	0	0	0	0	3
9	20	0	0.125562292	8.53274193	8.88509649	6.56495722	10.4335527	2.13915644	0	0	0	0	0	0	3
10	21	0	0.139513658	8.47953511	8.84454035	6.56495722	10.4335527	2.13915644	0	0	0	0	0	0	3
11	22	0	0.153465023	7.35521002	8.70914669	6.56495722	10.4335527	2.13915644	0	0	0	0	0	0	3
12	23	0	0.167416389	7.35508949	8.59630859	6.56495722	10.4335527	2.13915644	0	0	0	0	0	0	3
13	25	0	0.181367755	7.18343115	8.48762571	6.56495722	10.4335527	2.13915644	0	0	0	0	0	0	3
14	26	0	0.195319121	7.23238401	8.39796559	6.56495722	10.4335527	2.13915644	0	0	0	0	0	0	3
15	27	0	0.209270486	7.26419299	8.32238075	6.56495722	10.4335527	2.13915644	0	0	0	0	0	0	3
16	29	0	0.223221852	7.2814974	8.25732554	6.56495722	10.4335527	2.13915644	0	0	0	0	0	0	3
17	30	0	0.237173218	7.28077028	8.19988111	6.56495722	10.4335527	2.13915644	0	0	0	0	0	0	3
18	32	0	0.251124584	7.26877544	8.14815302	6.56495722	10.4335527	2.13915644	0	0	0	0	0	0	3
19	33	0	0.265075949	7.25060741	8.10091378	6.56495722	10.4335527	2.13915644	0	0	0	0	0	0	3
20	34	0	0.279027315	7.22655324	8.05719575	6.56495722	10.4335527	2.13915644	0	0	0	0	0	0	3
21	36	0	0.292978681	7.18984276	8.01589323	6.56495722	10.4335527	2.13915644	0	0	0	0	0	0	3
22	37	0	0.306930047	7.16613213	7.97726772	6.56495722	10.4335527	2.13915644	0	0	0	0	0	0	3
23	38	0	0.320881412	7.13876893	7.94081125	6.56495722	10.4335527	2.13915644	0	0	0	0	0	0	3
24	40	0	0.334832778	7.1088888	7.90614782	6.56495722	10.4335527	2.13915644	0	0	0	0	0	0	3
25	41	0	0.348784144	7.07975605	7.87309215	6.56495722	10.4335527	2.13915644	0	0	0	0	0	0	3
26	43	0	0.36273551	7.04454052	7.84122478	6.56495722	10.4335527	2.13915644	0	0	0	0	0	0	3
27	44	0	0.376686875	7.01509591	7.81062741	6.56495722	10.4335527	2.13915644	0	0	0	0	0	0	3
28	45	0	0.390638241	6.98068633	7.78098666	6.56495722	10.4335527	2.13915644	0	0	0	0	0	0	3
29	47	0	0.404589607	6.95501935	7.75250503	6.56495722	10.4335527	2.13915644	0	0	0	0	0	0	3
30	48	0	0.418540973	6.96017447	7.72609401	6.56495722	10.4335527	2.13915644	0	0	0	0	0	0	3
31	50	0	0.432492338	6.89796662	7.69938022	6.56495722	10.4335527	2.13915644	0	0	0	0	0	0	3
32	51	0	0.446443704	6.97668266	7.67679592	6.56495722	10.4335527	2.13915644	0	0	0	0	0	0	3
33	52	0	0.46039507	6.87260581	7.65242652	6.56495722	10.4335527	2.13915644	0	0	0	0	0	0	3
34	54	0	0.474346436	6.87057721	7.62943096	6.56495722	10.4335527	2.13915644	0	0	0	0	0	0	3
35	55	0	0.488297801	6.86505471	7.60759164	6.56495722	10.4335527	2.13915644	0	0	0	0	0	0	3
36	57	0	0.502249167	6.88437248	7.58750221	6.56495722	10.4335527	2.13915644	0	0	0	0	0	0	3
37	58	0	0.516200533	6.86695629	7.58338957	6.56495722	10.4335527	2.13915644	0	0	0	0	0	0	3
38	60	0	0.530151899	6.91578136	7.59313468	6.86505471	10.4335527	1.5364903	0	0	0	0	0	0	3
39	61	0	0.544103264	6.89167801	7.54573733	6.86505471	10.4335527	1.38340348	0	0	0	0	0	0	3
40	63	0	0.55805463	6.93170913	7.47212489	6.86505471	10.4335527	1.45701592	0	0	0	0	0	0	3
41	64	0	0.572005996	6.89778577	7.38446123	6.86505471	10.4335527	1.54467958	0	0	0	0	0	0	3
42	65	0	0.585957362	6.94208432	7.287476	6.86505471	9.70763455	1.64166481	0	0	0	0	0	0	3
43	67	0	0.599908727	6.89380934	7.21567756	6.86505471	9.70763455	1.71346326	0	0	0	0	0	0	3
44	68	0	0.613860093	6.95414967	7.13919186	6.86505471	8.53274193	1.66768722	0	0	0	0	0	0	3
45	70	0	0.627811459	6.90165823	7.09388398	6.86505471	8.47953511	1.6144804	0	0	0	0	0	0	3
46	71	0	0.641762825	6.93867106	7.0510822	6.86505471	7.35521002	0.490155313	0	0	0	0	0	0	3
47	72	0	0.65571419	6.90317178	7.03852559	6.86505471	7.35508949	0.490034774	0	0	0	0	0	0	3
48	74	0	0.669665556	6.92724852	7.02664112	6.86505471	7.2814974	0.416442693	0	0	0	0	0	0	3
49	75	0	0.683616922	6.89746322	7.01869756	6.86505471	7.2814974	0.416442693	0	0	0	0	0	0	3
50	77	0	0.697568288	6.91743428	7.00994896	6.86505471	7.2814974	0.416442693	0	0	0	0	0	0	3
51	78	0	0.711519653	6.90362748	6.99993325	6.86505471	7.2814974	0.416442693	0	0	0	0	0	0	3
52	79	0	0.725471019	6.91484457	6.98974845	6.86505471	7.28077028	0.415715569	0	0	0	0	0	0	3
53	81	0	0.739422385	6.96906818	6.98109006	6.86505471	7.26877544	0.403720732	0	0	0	0	0	0	3
54	82	0	0.753373751	6.91911824	6.97137736	6.86505471	7.25060741	0.385552703	0	0	0	0	0	0	3
55	83	0	0.767325116	6.90423131	6.9617558	6.86505471	7.22655324	0.361498526	0	0	0	0	0	0	3
56	85	0	0.781276482	6.92205742	6.95329758	6.86505471	7.18984276	0.324788052	0	0	0	0	0	0	3
57	86	0	0.795227848	6.8950312	6.94510837	6.86505471	7.16613213	0.301077423	0	0	0	0	0	0	3
58	88	0	0.809179214	6.94219018	6.93888776	6.86505471	7.13876893	0.27371422	0	0	0	0	0	0	3
59	89	0	0.823130579	6.90356941	6.93235444	6.86505471	7.1088888	0.243834085	0	0	0	0	0	0	3
60	90	0	0.837081945	6.94439866	6.92778527	6.86505471	7.07975605	0.21470134	0	0	0	0	0	0	3
61	92	0	0.851033311	6.87918219	6.92221377	6.86505471	7.04454052	0.179485812	0	0	0	0	0	0	3
62	93	0	0.864984677	6.9367706	6.91922017	6.86505471	7.01509591	0.150041195	0	0	0	0	0	0	3
63	95	0	0.878936042	6.91017923	6.91630581	6.86505471	6.98068633	0.115631615	0	0	0	0	0	0	3
64	96	0	0.892887408	7.07965966	6.91905507	6.86505471	7.07965966	0.214604951	0	0	0	0	0	0	3
65	97	0	0.906838774	6.91738879	6.91800978	6.86505471	7.07965966	0.214604951	0	0	0	0	0	0	3
66	99	0	0.92079014	7.25237774	6.92612654	6.86505471	7.25237774	0.38732303	0	0	0	0	0	0	3
67	100	0	0.934741505	6.93070426	6.92703592	6.86505471	7.25237774	0.38732303	0	0	0	0	0	0	3
68	101	0	0.948692871	7.00427544	6.92780238	6.86505471	7.25237774	0.38732303	0	0	0	0	0	0	3
69	103	0	0.962644237	6.9347656	6.92952904	6.86505471	7.25237774	0.38732303	0	0	0	0	0	0	3
70	104	0	0.976595603	6.92993158	6.93117778	6.86505471	7.25237774	0.38732303	0	0	0	0	0	0	3
71	106	0	0.990546968	6.93224676	6.93304422	6.86695629	7.25237774	0.385421451	0	0	0	0	0	0	3
72	107	0	1.00449833	6.92175972	6.93408276	6.86695629	7.25237774	0.385421451	0.107054941	0	27.7	0	0	0	3
73	108	0	1.0184497	6.93663417	6.93601825	6.87918219	7.25237774	0.373195553	0.107054941	0	28.6	0	0	0	3
74	110	0	1.03240107	6.92472617	6.93626672	6.87918219	7.25237774	0.373195553	0.107054941	0	28.6	0	0	0	3
75	111	0	1.04635243	6.93450504	6.93745636	6.87918219	7.25237774	0.373195553	0.107054941	0	28.6	0	0	0	3
76	112	0	1.0603038	6.92517527	6.93727486	6.87918219	7.25237774	0.373195553	0.107054941	0	28.6	0	0	0	3
77	114	0	1.07425516	6.91952161	6.93787864	6.87918219	7.25237774	0.371170186	0.107054941	0	28.8	0	0	0	3
78	115	0	1.08820653	6.90585926	6.93687238	6.87918219	7.25237774	0.299371742	0.107054941	0	35.7	0	0	0	3
79	117	0	1.10215789	6.91748936	6.93753016	6.87918219	7.25237774	0.222886051	0.107054941	0	48	0	0	0	3
80	118	0	1.11610926	6.90984324	6.93629943	6.87918219	7.25237774	0.17757817	0.107054941	0	60.2	0	0	0	3
81	119	0	1.13006063	6.92602414	6.93697626	6.87918219	7.25237774	0.134776391	0.107054941	0	79.4	0	0	0	3
82	121	0	1.14401199	6.91345837	6.93627591	6.87918219	7.25237774	0.122219773	0.107054941	0	87.5	0	0	0	3
83	122	0	1.15796336	6.92393523	6.93685267	6.87918219	7.25237774	0.110335302	0.107054941	0	97	0	0	0	3
84	123	0	1.17191472	6.91687871	6.93656462	6.87918219	7.25237774	0.102391748	0.107054941	0	100	0	0	0	3
85	125	0	1.18586609	6.92259987	6.93726286	6.87918219	7.25237774	0.0936431447	0.107054941	0	100	0	0	0	3
86	126	0	1.19981745	6.91033901	6.93706577	6.87918219	7.25237774	0.0836274362	0.107054941	0	100	0	0	0	3
87	128	0	1.21376882	6.91731774	6.93744605	6.87918219	7.25237774	0.0734426353	0.107054941	0	100	0	0	0	3
88	129	0	1.22772019	6.91660002	6.93749482	6.87918219	7.25237774	0.0647842435	0.107054941	0	100	0	0	0	3
89	130	0	1.24167155	6.91815963	6.93608069	6.87918219	7.25237774	0.0550715433	0.107054941	0	100	0	0	0	3
90	132	0	1.25562292	6.91581618	6.93598897	6.87918219	7.25237774	0.0454499848	0.107054941	0	100	0	0	0	3
91	133	0	1.26957428	6.91673977	6.93633642	6.87918219	7.25237774	0.0369917676	0.107054941	0	100	0	0	0	3
92	134	0	1.28352565	6.91587731	6.93616475	6.87918219	7.25237774	0.0288025574	0.107054941	0	100	0	0	0	3
93	136	0	1.29747701	6.91826612	6.93681017	6.87918219	7.25237774	0.0225819477	0.107054941	0	100	0	0	0	3
94	137	0	1.31142838	6.91717936	6.93611542	6.87918219	7.25237774	0.0215728226	0.107054941	0	100	0	0	0	3
95	138	0	1.32537975	6.91547152	6.93644604	6.87918219	7.25237774	0.0215728226	0.107054941	0	100	0	0	0	3
96	140	0	1.33933111	6.9144597	6.9356144	6.87918219	7.25237774	0.0215728226	0.107054941	0	100	0	0	0	3
97	141	0	1.35328248	6.91181514	6.93652087	6.90585926	7.25237774	0.0215728226	0.107054941	0	100	0	0	0	3
98	143	0	1.36723384	6.9189607	6.93602615	6.90585926	7.25237774	0.0215728226	0.107054941	0	100	0	0	0	3
99	144	0	1.38118521	6.917968	6.93624251	6.90585926	7.25237774	0.0198688567	0.107054941	0	100	0	0	0	3
100	145	0	1.39513658	6.91711817	6.93172746	6.90585926	7.25237774	0.0198688567	0.107054941	0	100	0	0	0	3
101	147	0	1.40908794	6.91534656	6.93167074	6.90585926	7.25237774	0.0117520993	0.107054941	0	100	0	0	0	3
102	148	0	1.42303931	6.92188363	6.92249034	6.90585926	7.00427544	0.0153882926	0.107054941	0	100	0	0	0	3
103	150	0	1.43699067	6.91980278	6.92218752	6.90585926	7.00427544	0.0156911116	0.107054941	0	100	0	0	0	3
104	151	0	1.45094204	6.92062735	6.91986397	6.90585926	6.93663417	0.0180146694	0.107054941	0	100	0	0	0	3
105	153	0	1.4648934	6.91723934	6.91937713	6.90585926	6.93663417	0.0185015099	0.107054941	0	100	0	0	0	3
106	154	0	1.47884477	6.92425762	6.91921952	6.90585926	6.93663417	0.0186591199	0.107054941	0	100	0	0	0	3
107	155	0	1.49279614	6.92177787	6.91892871	6.90585926	6.93663417	0.0189499222	0.107054941	0	100	0	0	0	3
108	157	0	1.5067475	6.91905246	6.91885351	6.90585926	6.93663417	0.019025124	0.107054941	0	100	0	0	0	3
109	158	0	1.52069887	6.91747351	6.91832127	6.90585926	6.93450504	0.0195573647	0.107054941	0	100	0	0	0	3
110	160	0	1.53465023	6.92158009	6.91823388	6.90585926	6.93450504	0.0196447558	0.107054941	0	100	0	0	0	3
111	161	0	1.5486016	6.91878324	6.91779716	6.90585926	6.92602414	0.0200814725	0.107054941	0	100	0	0	0	3
112	162	0	1.56255296	6.91702832	6.91757086	6.90585926	6.92602414	0.020164876	0.107054941	0	100	0	0	0	3
113	164	0	1.57650433	6.91531054	6.91745389	6.90585926	6.92602414	0.0200762774	0.107054941	0	100	0	0	0	3
114	165	0	1.5904557	6.91942883	6.91783082	6.90984324	6.92602414	0.0161808977	0.107054941	0	100	0	0	0	3
115	166	0	1.60440706	6.91693398	6.91781539	6.90984324	6.92602414	0.0161808977	0.107054941	0	100	0	0	0	3
116	168	0	1.61835843	6.91705297	6.91801566	6.91033901	6.92602414	0.0156851254	0.107054941	0	100	0	0	0	3
117	169	0	1.63230979	6.91261421	6.91764316	6.91033901	6.92425762	0.0139186092	0.107054941	0	100	0	0	0	3
118	170	0	1.64626116	6.91780568	6.91776392	6.91033901	6.92425762	0.0139186092	0.107054941	0	100	0	0	0	3
119	172	0	1.66021252	6.91559519	6.91753225	6.91033901	6.92425762	0.0139186092	0.107054941	0	100	0	0	0	3
120	173	0	1.67416389	6.91666142	6.91752622	6.91033901	6.92425762	0.0139186092	0.107054941	0	100	0	0	0	3
121	174	0	1.68811526	6.91306435	6.91726134	6.91033901	6.92425762	0.0139186092	0.107054941	0	100	0	0	0	3
122	176	0	1.70206662	6.9156753	6.91740957	6.91181514	6.92425762	0.0124424802	0.107054941	0	100	0	0	0	3
123	177	0	1.71601799	6.91275163	6.91728274	6.91181514	6.92425762	0.0124424802	0.107054941	0	100	0	0	0	3
124	178	0	1.72996935	6.91663502	6.91728371	6.91181514	6.92425762	0.0124424802	0.107054941	0	100	0	0	0	3
125	180	0	1.74392072	6.91211278	6.91711574	6.91181514	6.92425762	0.0124424802	0.107054941	0	100	0	0	0	3
126	181	0	1.75787208	6.91737327	6.91715899	6.91181514	6.92425762	0.0124424802	0.107054941	0	100	0	0	0	3
127	183	0	1.77182345	6.91547121	6.91712375	6.91181514	6.92425762	0.0124424802	0.107054941	0	100	0	0	0	3
128	184	0	1.78577482	6.91557199	6.91711527	6.91181514	6.92425762	0.0124424802	0.107054941	0	100	0	0	0	3
129	185	0	1.79972618	6.91142204	6.91692516	6.91142204	6.92425762	0.0128355855	0.107054941	0	100	0	0	0	3
130	187	0	1.81367755	6.91954588	6.9169909	6.91142204	6.92425762	0.0128355855	0.107054941	0	100	0	0	0	3
131	188	0	1.82762891	6.91320924	6.91692806	6.91142204	6.92425762	0.0128355855	0.107054941	0	100	0	0	0	3
132	189	0	1.84158028	6.92048377	6.91709539	6.91142204	6.92425762	0.0128355855	0.107054941	0	100	0	0	0	3
133	191	0	1.85553164	6.91198222	6.91710003	6.91142204	6.92425762	0.0128355855	0.107054941	0	100	0	0	0	3
134	192	0	1.86948301	6.92217449	6.9171893	6.91142204	6.92425762	0.0128355855	0.107054941	0	100	0	0	0	3
135	193	0	1.88343438	6.91615575	6.91713896	6.91142204	6.92425762	0.0128355855	0.107054941	0	100	0	0	0	3
136	195	0	1.89738574	6.9159154	6.91710555	6.91142204	6.92425762	0.0128355855	0.107054941	0	100	0	0	0	3
137	196	0	1.91133711	7.08311971	6.92176592	6.91142204	7.08311971	0.0055651837	0.107054941	0	100	0	0	0	3
138	197	0	1.92528847	6.92613634	6.92188405	6.91142204	7.08311971	0.00526236474	0.107054941	0	100	0	0	0	3
139	199	0	1.93923984	6.95859597	6.92296164	6.91142204	7.08311971	0.00603647827	0.107054941	0	100	0	0	0	3
140	200	0	1.95319121	6.92943278	6.92320623	6.91142204	7.08311971	0.0062810735	0.107054941	0	100	0	0	0	3
141	201	0	1.96714257	6.96955643	6.92465949	6.91142204	7.08311971	0.00773432593	0.107054941	0	100	0	0	0	3
142	203	0	1.98109394	6.93621512	6.92499164	6.91142204	7.08311971	0.00806647856	0.107054941	0	100	0	0	0	3
143	204	0	1.9950453	6.97431335	6.92645096	6.91142204	7.08311971	0.00952579728	0.107054941	0	100	0	0	0	3
144	206	0	2.00899667	6.93559876	6.92691058	6.91142204	7.08311971	0.00998541671	0.107054941	0	100	0	0	0	3
145	207	0	2.02294803	6.9171581	6.92690182	6.91142204	7.08311971	0.00998541671	0.107054941	0	100	0	0	0	3
146	208	0	2.0368994	6.94119156	6.92744658	6.91142204	7.08311971	0.0105214185	0.107054941	0	100	0	0	0	3
147	210	0	2.05085077	6.92432532	6.92760053	6.91142204	7.08311971	0.0106753654	0.107054941	0	100	0	0	0	3
148	211	0	2.06480213	6.94103432	6.92826736	6.91142204	7.08311971	0.0113421987	0.107054941	0	100	0	0	0	3
149	212	0	2.0787535	6.92164646	6.92844336	6.91142204	7.08311971	0.0115181965	0.107054941	0	100	0	0	0	3
150	214	0	2.09270486	6.94189199	6.92906733	6.91142204	7.08311971	0.0121421733	0.107054941	0	100	0	0	0	3
151	215	0	2.10665623	6.92804213	6.92937589	6.91142204	7.08311971	0.012450733	0.107054941	0	100	0	0	0	3
152	216	0	2.12060759	6.94785851	6.9302316	6.91142204	7.08311971	0.0133064424	0.107054941	0	100	0	0	0	3
153	218	0	2.13455896	6.93013355	6.93071825	6.91142204	7.08311971	0.0137930906	0.107054941	0	100	0	0	0	3
154	219	0	2.14851033	6.94630254	6.93150983	6.91142204	7.08311971	0.01458467	0.107054941	0	100	0	0	0	3
155	220	0	2.16246169	6.9287004	6.93187386	6.91142204	7.08311971	0.0149487036	0.107054941	0	100	0	0	0	3
156	222	0	2.17641306	6.93993502	6.93252035	6.91142204	7.08311971	0.0155951925	0.107054941	0	100	0	0	0	3
157	223	0	2.19036442	6.92465282	6.93284225	6.91142204	7.08311971	0.0159170945	0.107054941	0	100	0	0	0	3
158	224	0	2.20431579	6.93877937	6.93348403	6.91142204	7.08311971	0.0165588744	0.107054941	0	100	0	0	0	3
159	226	0	2.21826715	6.92867399	6.93392632	6.91142204	7.08311971	0.0170011624	0.107054941	0	100	0	0	0	3
160	227	0	2.23221852	6.92769301	6.93423349	6.91142204	7.08311971	0.0173083287	0.107054941	0	100	0	0	0	3
161	229	0	2.24616989	7.08044576	6.9389094	6.91142204	7.08311971	0.0219842449	0.107054941	0	100	0	0	0	3
162	230	0	2.26012125	6.92347214	6.93907882	6.91142204	7.08311971	0.022153658	0.107054941	0	100	0	0	0	3
163	231	0	2.27407262	7.08468797	6.94377928	6.91142204	7.08468797	0.0268541237	0.107054941	0	100	0	0	0	3
164	233	0	2.28802398	6.92318089	6.94399064	6.91142204	7.08468797	0.0270654819	0.107054941	0	100	0	0	0	3
165	234	0	2.30197535	6.9402669	6.94479189	6.91198222	7.08468797	0.0278638325	0.107054941	0	100	0	0	0	3
166	235	0	2.31592671	6.91617422	6.94469823	6.91198222	7.08468797	0.0278638325	0.107054941	0	100	0	0	0	3
167	237	0	2.32987808	7.04725298	6.94842167	6.91198222	7.08468797	0.0313262774	0.107054941	0	100	0	0	0	3
168	238	0	2.34382945	6.91462005	6.94825879	6.91198222	7.08468797	0.0313216362	0.107054941	0	100	0	0	0	3
169	239	0	2.35778081	6.90783122	6.94814348	6.90783122	7.08468797	0.0313161148	0.107054941	0	100	0	0	0	3
170	241	0	2.37173218	6.91185901	6.94785694	6.90783122	7.08468797	0.0313161148	0.107054941	0	100	0	0	0	3
171	242	0	2.38568354	7.01594504	6.95062887	6.90783122	7.08468797	0.0335233116	0.107054941	0	100	0	0	0	3
172	243	0	2.39963491	6.90883753	6.95043226	6.90783122	7.08468797	0.0288629465	0.107054941	0	100	0	0	0	3
173	245	0	2.41358627	7.09489586	6.95075937	6.90783122	7.09489586	0.0288753233	0.107054941	0	100	0	0	0	3
174	246	0	2.42753764	6.90924785	6.95029025	6.90783122	7.09489586	0.0277977346	0.107054941	0	100	0	0	0	3
175	248	0	2.44148901	6.96550334	6.95048212	6.90783122	7.09489586	0.0275531394	0.107054941	0	100	0	0	0	3
176	249	0	2.45544037	6.90670499	6.94985079	6.90670499	7.09489586	0.0260998869	0.107054941	0	100	0	0	0	3
177	250	0	2.46939174	6.90483329	6.94805293	6.90483329	7.09489586	0.0257677343	0.107054941	0	100	0	0	0	3
178	252	0	2.4833431	6.91367973	6.94742694	6.90483329	7.09489586	0.0243084156	0.107054941	0	100	0	0	0	3
179	253	0	2.49729447	6.90834383	6.94559446	6.90483329	7.09489586	0.0238575574	0.107054941	0	100	0	0	0	3
180	254	0	2.51124584	6.9164325	6.94506206	6.90483329	7.09489586	0.0238575574	0.107054941	0	100	0	0	0	3
181	256	0	2.5251972	6.90799276	6.94480747	6.90483329	7.09489586	0.0233127944	0.107054941	0	100	0	0	0	3
182	257	0	2.53914857	6.91319248	6.94402972	6.90483329	7.09489586	0.0231588475	0.107054941	0	100	0	0	0	3
183	258	0	2.55309993	6.90904282	6.9436052	6.90483329	7.09489586	0.0224920141	0.107054941	0	100	0	0	0	3
184	260	0	2.5670513	6.91420685	6.94285999	6.90483329	7.09489586	0.0223160164	0.107054941	0	100	0	0	0	3
185	261	0	2.58100266	6.90746134	6.94246596	6.90483329	7.09489586	0.0216920396	0.107054941	0	100	0	0	0	3
186	263	0	2.59495403	6.9187638	6.94182351	6.90483329	7.09489586	0.0213834799	0.107054941	0	100	0	0	0	3
187	264	0	2.6089054	6.90973612	6.94131501	6.90483329	7.09489586	0.0205277705	0.107054941	0	100	0	0	0	3
188	265	0	2.62285676	6.91753873	6.9404728	6.90483329	7.09489586	0.0200411223	0.107054941	0	100	0	0	0	3
189	267	0	2.63680813	6.91118275	6.93994639	6.90483329	7.09489586	0.0192495429	0.107054941	0	100	0	0	0	3
190	268	0	2.65075949	6.92032471	6.93922478	6.90483329	7.09489586	0.0188855093	0.107054941	0	100	0	0	0	3
191	269	0	2.66471086	6.91102246	6.93873373	6.90483329	7.09489586	0.0182390204	0.107054941	0	100	0	0	0	3
192	271	0	2.67866222	6.91918606	6.93815737	6.90483329	7.09489586	0.0179171184	0.107054941	0	100	0	0	0	3
193	272	0	2.69261359	6.96010357	6.93914211	6.90483329	7.09489586	0.0172753385	0.107054941	0	100	0	0	0	3
194	274	0	2.70656496	6.92122555	6.9386545	6.90483329	7.09489586	0.0168330505	0.107054941	0	100	0	0	0	3
195	275	0	2.72051632	6.92554683	6.93856764	6.90483329	7.09489586	0.0165258842	0.107054941	0	100	0	0	0	3
196	276	0	2.73446769	6.92210667	6.93841246	6.90483329	7.09489586	0.0126020068	0.107054941	0	100	0	0	0	3
197	278	0	2.74841905	6.91319929	6.93376673	6.90483329	7.09489586	0.016992647	0.107054941	0	100	0	0	0	3
198	279	0	2.76237042	6.91710222	6.93358978	6.90483329	7.09489586	0.0171695891	0.107054941	0	100	0	0	0	3
199	280	0	2.77632178	6.90749489	6.92866775	6.90483329	7.09489586	0.022091619	0.107054941	0	100	0	0	0	3
200	282	0	2.79027315	6.91559178	6.92845695	6.90483329	7.09489586	0.0223024277	0.107054941	0	100	0	0	0	3
201	283	0	2.80422452	6.90700696	6.92753306	6.90483329	7.09489586	0.0232263148	0.107054941	0	100	0	0	0	3
202	285	0	2.81817588	6.9130697	6.92744682	6.90483329	7.09489586	0.0233125516	0.107054941	0	100	0	0	0	3
203	286	0	2.83212725	6.90455318	6.92348294	6.90455318	7.09489586	0.027276435	0.107054941	0	100	0	0	0	3
204	288	0	2.84607861	6.91423512	6.92347225	6.90455318	7.09489586	0.0272871275	0.107054941	0	100	0	0	0	3
205	289	0	2.86002998	6.91016234	6.923537	6.90455318	7.09489586	0.0272871275	0.107054941	0	100	0	0	0	3
206	290	0	2.87398134	6.9139925	6.92359626	6.90455318	7.09489586	0.0272871275	0.107054941	0	100	0	0	0	3
207	292	0	2.88793271	6.9084035	6.920609	6.90455318	7.09489586	0.0301503758	0.107054941	0	100	0	0	0	3
208	293	0	2.90188408	6.91502327	6.92078082	6.90455318	7.09489586	0.0301503758	0.107054941	0	100	0	0	0	3
209	294	0	2.91583544	6.91036609	6.915655	6.90455318	6.96550334	0.0348271232	0.107054941	0	100	0	0	0	3
210	296	0	2.92978681	6.91322501	6.91576547	6.90455318	6.96550334	0.0348271232	0.107054941	0	100	0	0	0	3
211	297	0	2.94373817	6.91305435	6.91430856	6.90455318	6.96010357	0.0355422354	0.107054941	0	100	0	0	0	3
212	299	0	2.95768954	6.91829322	6.91463045	6.90455318	6.96010357	0.0337443706	0.107054941	0	100	0	0	0	3
213	300	0	2.9716409	6.93249185	6.91539875	6.90455318	6.96010357	0.0331183875	0.107054941	0	100	0	0	0	3
214	301	0	2.98559227	6.91800498	6.91551889	6.90455318	6.96010357	0.031285901	0.107054941	0	100	0	0	0	3
215	303	0	2.99954364	6.92683314	6.91603248	6.90455318	6.96010357	0.030753505	0.107054941	0	100	0	0	0	3
216	304	0	3.013495	6.93349388	6.91650641	6.90455318	6.96010357	0.030498912	0.107054941	0	100	0	0	0	3
217	305	0	3.02744637	6.94957719	6.91766153	6.90455318	6.96010357	0.0297211597	0.107054941	0	100	0	0	0	3
218	307	0	3.04139773	6.92470647	6.91798137	6.90455318	6.96010357	0.0292966458	0.107054941	0	100	0	0	0	3
219	308	0	3.0553491	6.95118353	6.91915194	6.90455318	6.96010357	0.0285514382	0.107054941	0	100	0	0	0	3
220	310	0	3.06930047	6.92990533	6.91958801	6.90455318	6.96010357	0.028157407	0.107054941	0	100	0	0	0	3
221	311	0	3.08325183	6.94683137	6.92068162	6.90455318	6.96010357	0.0275149572	0.107054941	0	100	0	0	0	3
222	312	0	3.0972032	6.94520378	6.92141607	6.90455318	6.96010357	0.027006457	0.107054941	0	100	0	0	0	3
223	314	0	3.11115456	6.96301267	6.92289597	6.90455318	6.96301267	0.0261642407	0.107054941	0	100	0	0	0	3
224	315	0	3.12510593	6.94611486	6.92368975	6.90455318	6.96301267	0.0256378296	0.107054941	0	100	0	0	0	3
225	316	0	3.13905729	6.97673332	6.9255106	6.90455318	6.97673332	0.0249162233	0.107054941	0	100	0	0	0	3
226	318	0	3.15300866	6.95093709	6.92636094	6.90455318	6.97673332	0.0248335527	0.107054941	0	100	0	0	0	3
227	319	0	3.16696003	6.97056953	6.92801503	6.90455318	6.97673332	0.0248335527	0.107054941	0	100	0	0	0	3
228	320	0	3.18091139	6.97061167	6.92944352	6.90455318	6.97673332	0.0248335527	0.107054941	0	100	0	0	0	3
229	322	0	3.19486276	6.94613872	6.92905561	6.90455318	6.97673332	0.0243459465	0.107054941	0	100	0	0	0	3
230	323	0	3.20881412	6.97000332	6.93041054	6.90455318	6.97673332	0.0242590808	0.107054941	0	100	0	0	0	3
231	325	0	3.22276549	6.95538599	6.93123941	6.90455318	6.97673332	0.0241039048	0.107054941	0	100	0	0	0	3
232	326	0	3.23671685	6.97868768	6.9328111	6.90455318	6.97868768	0.0194581694	0.107054941	0	100	0	0	0	3
233	327	0	3.25066822	6.95731974	6.93403667	6.90455318	6.97868768	0.0197281167	0.107054941	0	100	0	0	0	3
234	329	0	3.26461959	6.96808623	6.9354529	6.90455318	6.97868768	0.0211443391	0.107054941	0	100	0	0	0	3
235	330	0	3.27857095	7.0117495	6.93834886	6.90455318	7.0117495	0.0240403004	0.107054941	0	100	0	0	0	3
236	331	0	3.29252232	6.96762165	6.93979413	6.90455318	7.0117495	0.0254855748	0.107054941	0	100	0	0	0	3
237	333	0	3.30647368	6.98261263	6.94189429	6.90455318	7.0117495	0.0275857322	0.107054941	0	100	0	0	0	3
238	334	0	3.32042505	6.96681945	6.94338734	6.90455318	7.0117495	0.029078781	0.107054941	0	100	0	0	0	3
239	335	0	3.33437641	6.96219423	6.94498848	6.9084035	7.0117495	0.0306799211	0.107054941	0	100	0	0	0	3
240	337	0	3.34832778	6.94683405	6.945894	6.9084035	7.0117495	0.0315854469	0.107054941	0	100	0	0	0	3
241	338	0	3.36227915	6.95580074	6.94716174	6.9084035	7.0117495	0.0328531805	0.107054941	0	100	0	0	0	3
242	339	0	3.37623051	6.95416182	6.94827755	6.9084035	7.0117495	0.0339689949	0.107054941	0	100	0	0	0	3
243	341	0	3.39018188	6.95699363	6.94962728	6.91036609	7.0117495	0.0353187209	0.107054941	0	100	0	0	0	3
244	342	0	3.40413324	6.95006608	6.95060069	6.91036609	7.0117495	0.0362921324	0.107054941	0	100	0	0	0	3
245	344	0	3.41808461	6.94833414	6.95165536	6.91305435	7.0117495	0.0373468006	0.107054941	0	100	0	0	0	3
246	345	0	3.43203597	6.94775968	6.95261465	6.91305435	7.0117495	0.0383060971	0.107054941	0	100	0	0	0	3
247	346	0	3.44598734	6.94177482	6.95341244	6.91800498	7.0117495	0.0387819925	0.107054941	0	100	0	0	0	3
248	348	0	3.45993871	6.94772459	6.95422998	6.91800498	7.0117495	0.0388312372	0.107054941	0	100	0	0	0	3
249	349	0	3.47389007	6.94637327	6.95461558	6.91800498	7.0117495	0.0390966861	0.107054941	0	100	0	0	0	3
250	350	0	3.48784144	6.94676848	6.95541456	6.92470647	7.0117495	0.0393820805	0.107054941	0	100	0	0	0	3
251	352	0	3.5017928	6.93980788	6.95577497	6.92470647	7.0117495	0.0392685626	0.107054941	0	100	0	0	0	3
252	353	0	3.51574417	6.94337243	6.95604938	6.92470647	7.0117495	0.0383878434	0.107054941	0	100	0	0	0	3
253	354	0	3.52969553	6.93616592	6.95567684	6.92470647	7.0117495	0.0380680105	0.107054941	0	100	0	0	0	3
254	356	0	3.5436469	6.94308854	6.95618745	6.92990533	7.0117495	0.0370355131	0.107054941	0	100	0	0	0	3
255	357	0	3.55759827	6.93415546	6.95571445	6.92990533	7.0117495	0.0365994443	0.107054941	0	100	0	0	0	3
256	358	0	3.57154963	6.94053824	6.95600981	6.93415546	7.0117495	0.0355058324	0.107054941	0	100	0	0	0	3
257	360	0	3.585501	6.93897862	6.95579168	6.93415546	7.0117495	0.0347713886	0.107054941	0	100	0	0	0	3
258	361	0	3.59945236	6.93966007	6.95563769	6.93415546	7.0117495	0.0332914845	0.107054941	0	100	0	0	0	3
259	362	0	3.61340373	6.93686587	6.95491139	6.93415546	7.0117495	0.0324977031	0.107054941	0	100	0	0	0	3
260	364	0	3.6273551	6.93812974	6.95468958	6.93415546	7.0117495	0.0306768538	0.107054941	0	100	0	0	0	3
261	365	0	3.64130646	6.94002427	6.95366988	6.93415546	7.0117495	0.0298265099	0.107054941	0	100	0	0	0	3
262	367	0	3.65525783	6.94185101	6.95341749	6.93415546	7.0117495	0.0281724247	0.107054941	0	100	0	0	0	3
263	368	0	3.66920919	6.93365494	6.95239209	6.93365494	7.0117495	0.0271318481	0.107054941	0	100	0	0	0	3
264	369	0	3.68316056	6.93845022	6.95149871	6.93365494	7.0117495	0.0271318481	0.107054941	0	100	0	0	0	3
265	371	0	3.69711192	6.93821127	6.95127851	6.93365494	7.0117495	0.0257769101	0.107054941	0	100	0	0	0	3
266	372	0	3.71106329	6.94095744	6.95047168	6.93365494	7.0117495	0.0249480445	0.107054941	0	100	0	0	0	3
267	373	0	3.72501466	6.93769755	6.94998033	6.93365494	7.0117495	0.0233763496	0.107054941	0	100	0	0	0	3
268	375	0	3.73896602	6.94780163	6.94912238	6.93365494	7.0117495	0.0221507814	0.107054941	0	100	0	0	0	3
269	376	0	3.75291739	6.93768532	6.94857698	6.93365494	7.0117495	0.020734559	0.107054941	0	100	0	0	0	3
270	378	0	3.76686875	6.94827233	6.9480266	6.93365494	7.0117495	0.0178385977	0.107054941	0	100	0	0	0	3
271	379	0	3.78082012	6.9366093	6.94593937	6.93365494	6.98261263	0.0163933233	0.107054941	0	100	0	0	0	3
272	380	0	3.79477148	6.94777279	6.94538801	6.93365494	6.98261263	0.0142931659	0.107054941	0	100	0	0	0	3
273	382	0	3.80872285	6.93718611	6.94412616	6.93365494	6.96681945	0.0128001171	0.107054941	0	100	0	0	0	3
274	383	0	3.82267422	6.94947887	6.94364448	6.93365494	6.96219423	0.0125429725	0.107054941	0	100	0	0	0	3
275	384	0	3.83662558	6.93539781	6.94290014	6.93365494	6.95699363	0.0132873175	0.107054941	0	100	0	0	0	3
276	386	0	3.85057695	6.94887687	6.94295688	6.93365494	6.95699363	0.0132873175	0.107054941	0	100	0	0	0	3
277	387	0	3.86452831	6.93508205	6.94238136	6.93365494	6.95699363	0.013806092	0.107054941	0	100	0	0	0	3
278	388	0	3.87847968	6.94990964	6.94226325	6.93365494	6.95699363	0.013924208	0.107054941	0	100	0	0	0	3
279	390	0	3.89243104	6.93313489	6.9416005	6.93313489	6.95006608	0.0145869508	0.107054941	0	100	0	0	0	3
280	391	0	3.90638241	6.94631484	6.9414963	6.93313489	6.94990964	0.014691152	0.107054941	0	100	0	0	0	3
281	392	0	3.92033378	6.93301373	6.94107074	6.93301373	6.94990964	0.0151167191	0.107054941	0	100	0	0	0	3
282	394	0	3.93428514	6.94320723	6.94094428	6.93301373	6.94990964	0.0152431759	0.107054941	0	100	0	0	0	3
283	395	0	3.94823651	6.93280652	6.94069516	6.93280652	6.94990964	0.0154922953	0.107054941	0	100	0	0	0	3
284	397	0	3.96218787	7.038563	6.94321845	6.93280652	7.038563	0.0154922953	0.107054941	0	100	0	0	0	3
285	398	0	3.97613924	6.92564874	6.94264277	6.92564874	7.038563	0.0154922953	0.107054941	0	100	0	0	0	3
286	399	0	3.9900906	7.0360409	6.94512256	6.92564874	7.038563	0.0154922953	0.107054941	0	100	0	0	0	3
287	401	0	4.00404197	6.92000125	6.94457237	6.92000125	7.038563	0.0154922953	0.107054941	0	100	0	0	0	3
