Iteration	CPUTime	PhysTime	Travels	Value	AvValue	MinValue	MaxValue	Delta	Criteria	Progress	dGMaxMin	CriteriaType	CriteriaVarType	CriteriaPercentage
1	8	0	0.0139513658	16.8054247	16.8054247	16.8054247	16.8054247	0	0	0	0	0	0	0	3
2	10	0	0.0279027315	16.7376176	16.7715212	16.7376176	16.8054247	0.0339035673	0	0	0	0	0	0	3
3	11	0	0.0418540973	15.7922954	16.4451126	15.7922954	16.8054247	0.360312174	0	0	0	0	0	0	3
4	13	0	0.055805463	14.8615686	16.0492266	14.8615686	16.8054247	0.756198166	0	0	0	0	0	0	3
5	14	0	0.0697568288	14.2821988	15.695821	14.2821988	16.8054247	1.10960373	0	0	0	0	0	0	3
6	16	0	0.0837081945	14.0115058	15.4151018	14.0115058	16.8054247	1.39032292	0	0	0	0	0	0	3
7	17	0	0.0976595603	13.8133482	15.1862799	13.8133482	16.8054247	1.61914487	0	0	0	0	0	0	3
8	18	0	0.111610926	13.8498747	15.0192292	13.8133482	16.8054247	1.78619551	0	0	0	0	0	0	3
9	20	0	0.125562292	13.7699097	14.880416	13.7699097	16.8054247	1.92500879	0	0	0	0	0	0	3
10	21	0	0.139513658	13.5355683	14.7459312	13.5355683	16.8054247	2.05949356	0	0	0	0	0	0	3
11	22	0	0.153465023	13.1997704	14.6053711	13.1997704	16.8054247	2.20005362	0	0	0	0	0	0	3
12	23	0	0.167416389	13.3109454	14.4975023	13.1997704	16.8054247	2.30792243	0	0	0	0	0	0	3
13	25	0	0.181367755	13.3081551	14.4060141	13.1997704	16.8054247	2.39941068	0	0	0	0	0	0	3
14	26	0	0.195319121	13.3240152	14.3287284	13.1997704	16.8054247	2.47669632	0	0	0	0	0	0	3
15	27	0	0.209270486	13.3039505	14.2604099	13.1997704	16.8054247	2.54501484	0	0	0	0	0	0	3
16	29	0	0.223221852	13.2397973	14.1966216	13.1997704	16.8054247	2.60880313	0	0	0	0	0	0	3
17	30	0	0.237173218	13.1489486	14.1349938	13.1489486	16.8054247	2.67043096	0	0	0	0	0	0	3
18	32	0	0.251124584	13.0339934	14.0738271	13.0339934	16.8054247	2.73159764	0	0	0	0	0	0	3
19	33	0	0.265075949	12.9285055	14.013547	12.9285055	16.8054247	2.79187773	0	0	0	0	0	0	3
20	34	0	0.279027315	12.800411	13.9528902	12.800411	16.8054247	2.85253453	0	0	0	0	0	0	3
21	36	0	0.292978681	12.7510599	13.8956602	12.7510599	16.8054247	2.90976454	0	0	0	0	0	0	3
22	37	0	0.306930047	12.6425998	13.8387029	12.6425998	16.8054247	2.96672183	0	0	0	0	0	0	3
23	38	0	0.320881412	12.6341713	13.786332	12.6341713	16.8054247	3.01909277	0	0	0	0	0	0	3
24	40	0	0.334832778	12.5171382	13.7334489	12.5171382	16.8054247	3.07197584	0	0	0	0	0	0	3
25	41	0	0.348784144	12.406022	13.6803518	12.406022	16.8054247	3.12507292	0	0	0	0	0	0	3
26	43	0	0.36273551	12.2245284	13.6243586	12.2245284	16.8054247	3.18106613	0	0	0	0	0	0	3
27	44	0	0.376686875	12.1341366	13.5691652	12.1341366	16.8054247	3.23625954	0	0	0	0	0	0	3
28	45	0	0.390638241	11.9189217	13.5102279	11.9189217	16.8054247	3.2951968	0	0	0	0	0	0	3
29	47	0	0.404589607	11.7714723	13.4502709	11.7714723	16.8054247	3.3551539	0	0	0	0	0	0	3
30	48	0	0.418540973	11.6618053	13.3906553	11.6618053	16.8054247	3.41476941	0	0	0	0	0	0	3
31	50	0	0.432492338	11.4947788	13.329498	11.4947788	16.8054247	3.47592672	0	0	0	0	0	0	3
32	51	0	0.446443704	11.2984414	13.2660275	11.2984414	16.8054247	3.53939724	0	0	0	0	0	0	3
33	52	0	0.46039507	11.1796567	13.2028041	11.1796567	16.8054247	3.6026206	0	0	0	0	0	0	3
34	54	0	0.474346436	11.1460181	13.1423104	11.1460181	16.8054247	3.6631143	0	0	0	0	0	0	3
35	55	0	0.488297801	11.1625131	13.0857448	11.1460181	16.8054247	3.71967994	0	0	0	0	0	0	3
36	57	0	0.502249167	11.2217655	13.0339676	11.1460181	16.8054247	3.77145714	0	0	0	0	0	0	3
37	58	0	0.516200533	11.1582518	12.8771017	11.1460181	16.7376176	3.89441949	0	0	0	0	0	0	3
38	60	0	0.530151899	11.1939987	12.7231123	11.1460181	15.7922954	3.7220003	0	0	0	0	0	0	3
39	61	0	0.544103264	11.3228055	12.5989598	11.1460181	14.8615686	3.4502668	0	0	0	0	0	0	3
40	63	0	0.55805463	11.4293007	12.503619	11.1460181	14.2821988	3.13618067	0	0	0	0	0	0	3
41	64	0	0.572005996	11.5995473	12.4291009	11.1460181	14.0115058	2.86548773	0	0	0	0	0	0	3
42	65	0	0.585957362	11.520563	12.359908	11.1460181	13.8498747	2.70385662	0	0	0	0	0	0	3
43	67	0	0.599908727	11.4900615	12.2953723	11.1460181	13.8498747	2.70385662	0	0	0	0	0	0	3
44	68	0	0.613860093	11.4440287	12.2285432	11.1460181	13.7699097	2.62389161	0	0	0	0	0	0	3
45	70	0	0.627811459	11.460932	12.164405	11.1460181	13.5355683	2.3895502	0	0	0	0	0	0	3
46	71	0	0.641762825	11.4283014	12.1058698	11.1460181	13.3240152	2.17799709	0	0	0	0	0	0	3
47	72	0	0.65571419	11.2888452	12.0527885	11.1460181	13.3240152	2.17799709	0	0	0	0	0	0	3
48	74	0	0.669665556	11.2512063	11.9955736	11.1460181	13.3240152	2.17799709	0	0	0	0	0	0	3
49	75	0	0.683616922	11.2967212	11.9397004	11.1460181	13.3240152	2.17799709	0	0	0	0	0	0	3
50	77	0	0.697568288	11.3825711	11.8857714	11.1460181	13.3039505	2.15793241	0	0	0	0	0	0	3
51	78	0	0.711519653	11.3446241	11.8313457	11.1460181	13.2397973	2.09377923	0	0	0	0	0	0	3
52	79	0	0.725471019	11.4599308	11.7819049	11.1460181	13.1489486	2.00293046	0	0	0	0	0	0	3
53	81	0	0.739422385	11.1165286	11.7254488	11.1165286	13.0339934	1.91746482	0	0	0	0	0	0	3
54	82	0	0.753373751	11.4098968	11.680335	11.1165286	12.9285055	1.81197687	0	0	0	0	0	0	3
55	83	0	0.767325116	11.1581298	11.6311579	11.1165286	12.800411	1.68388242	0	0	0	0	0	0	3
56	85	0	0.781276482	11.2902321	11.5892085	11.1165286	12.7510599	1.63453132	0	0	0	0	0	0	3
57	86	0	0.795227848	11.3083586	11.5491335	11.1165286	12.6425998	1.52607117	0	0	0	0	0	0	3
58	88	0	0.809179214	11.2403166	11.5101811	11.1165286	12.6341713	1.51764272	0	0	0	0	0	0	3
59	89	0	0.823130579	11.3388063	11.4741988	11.1165286	12.5171382	1.40060963	0	0	0	0	0	0	3
60	90	0	0.837081945	11.3601257	11.4420595	11.1165286	12.406022	1.28949344	0	0	0	0	0	0	3
61	92	0	0.851033311	11.3192824	11.4118723	11.1165286	12.2245284	1.10799982	0	0	0	0	0	0	3
62	93	0	0.864984677	11.403552	11.3890674	11.1165286	12.1341366	1.01760796	0	0	0	0	0	0	3
63	95	0	0.878936042	11.3628693	11.3676433	11.1165286	11.9189217	0.802393057	0	0	0	0	0	0	3
64	96	0	0.892887408	11.2603019	11.3493484	11.1165286	11.7714723	0.654943687	0	0	0	0	0	0	3
65	97	0	0.906838774	11.230501	11.3343214	11.1165286	11.6618053	0.54527672	0	0	0	0	0	0	3
66	99	0	0.92079014	11.3121337	11.3246083	11.1165286	11.5995473	0.483018668	0	0	0	0	0	0	3
67	100	0	0.934741505	11.2677621	11.3183023	11.1165286	11.5995473	0.483018668	0	0	0	0	0	0	3
68	101	0	0.948692871	11.3400566	11.3194582	11.1165286	11.5995473	0.483018668	0	0	0	0	0	0	3
69	103	0	0.962644237	11.3150415	11.3232189	11.1165286	11.5995473	0.483018668	0	0	0	0	0	0	3
70	104	0	0.976595603	11.3019769	11.3275511	11.1165286	11.5995473	0.483018668	0	0	0	0	0	0	3
71	106	0	0.990546968	11.2806986	11.330834	11.1165286	11.5995473	0.483018668	0	0	0	0	0	0	3
72	107	0	1.00449833	11.281284	11.3324873	11.1165286	11.5995473	0.483018668	0.140273002	0	29	0	0	0	3
73	108	0	1.0184497	11.2759219	11.3357559	11.1165286	11.5995473	0.483018668	0.140273002	0	29	0	0	0	3
74	110	0	1.03240107	11.3812622	11.3409577	11.1165286	11.5995473	0.483018668	0.140273002	0	29	0	0	0	3
75	111	0	1.04635243	11.3554774	11.3418653	11.1165286	11.5995473	0.483018668	0.140273002	0	29	0	0	0	3
76	112	0	1.0603038	11.3384153	11.3393407	11.1165286	11.5995473	0.483018668	0.140273002	0	29	0	0	0	3
77	114	0	1.07425516	11.3706844	11.3329834	11.1165286	11.520563	0.404034413	0.140273002	0	34.7	0	0	0	3
78	115	0	1.08820653	11.3638495	11.3286302	11.1165286	11.4900615	0.373532868	0.140273002	0	37.5	0	0	0	3
79	117	0	1.10215789	11.3150255	11.3237681	11.1165286	11.460932	0.34440344	0.140273002	0	40.7	0	0	0	3
80	118	0	1.11610926	11.3473076	11.3210814	11.1165286	11.460932	0.34440344	0.140273002	0	40.7	0	0	0	3
81	119	0	1.13006063	11.3650738	11.3184187	11.1165286	11.4599308	0.343402148	0.140273002	0	40.8	0	0	0	3
82	121	0	1.14401199	11.3646484	11.3166505	11.1165286	11.4599308	0.343402148	0.140273002	0	40.8	0	0	0	3
83	122	0	1.15796336	11.3498258	11.3183444	11.1165286	11.4599308	0.343402148	0.140273002	0	40.8	0	0	0	3
84	123	0	1.17191472	11.4327592	11.3233876	11.1165286	11.4599308	0.343402148	0.140273002	0	40.8	0	0	0	3
85	125	0	1.18586609	11.3832121	11.3257901	11.1165286	11.4599308	0.343402148	0.140273002	0	40.8	0	0	0	3
86	126	0	1.19981745	11.3559213	11.3250498	11.1165286	11.4599308	0.343402148	0.140273002	0	40.8	0	0	0	3
87	128	0	1.21376882	11.4217484	11.3271922	11.1165286	11.4599308	0.343402148	0.140273002	0	40.8	0	0	0	3
88	129	0	1.22772019	11.3582388	11.3243674	11.1165286	11.4327592	0.31623056	0.140273002	0	44.3	0	0	0	3
89	130	0	1.24167155	11.4181887	11.3327468	11.1581298	11.4327592	0.274629343	0.140273002	0	51	0	0	0	3
90	132	0	1.25562292	11.3554708	11.331235	11.1581298	11.4327592	0.274629343	0.140273002	0	51	0	0	0	3
91	133	0	1.26957428	11.4393467	11.3390466	11.230501	11.4393467	0.208845654	0.140273002	0	67.1	0	0	0	3
92	134	0	1.28352565	11.3704731	11.3412755	11.230501	11.4393467	0.208845654	0.140273002	0	67.1	0	0	0	3
93	136	0	1.29747701	11.4110582	11.3441283	11.230501	11.4393467	0.193530612	0.140273002	0	72.4	0	0	0	3
94	137	0	1.31142838	11.3837634	11.3481129	11.230501	11.4393467	0.15754825	0.140273002	0	89	0	0	0	3
95	138	0	1.32537975	11.4016922	11.3498597	11.230501	11.4393467	0.125409013	0.140273002	0	100	0	0	0	3
96	140	0	1.33933111	11.4167331	11.3514322	11.230501	11.4393467	0.0952218004	0.140273002	0	100	0	0	0	3
97	141	0	1.35328248	11.3873966	11.3533242	11.230501	11.4393467	0.0724168991	0.140273002	0	100	0	0	0	3
98	143	0	1.36723384	11.4469234	11.354529	11.230501	11.4469234	0.0509928091	0.140273002	0	100	0	0	0	3
99	144	0	1.38118521	11.3896201	11.3552721	11.230501	11.4469234	0.0386215316	0.140273002	0	100	0	0	0	3
100	145	0	1.39513658	11.4244114	11.3598307	11.230501	11.4469234	0.0431801291	0.140273002	0	100	0	0	0	3
101	147	0	1.40908794	11.3965643	11.3644435	11.2677621	11.4469234	0.0477929963	0.140273002	0	100	0	0	0	3
102	148	0	1.42303931	11.4462296	11.3681684	11.2677621	11.4469234	0.0515178811	0.140273002	0	100	0	0	0	3
103	150	0	1.43699067	11.4193672	11.3723797	11.2759219	11.4469234	0.0557291323	0.140273002	0	100	0	0	0	3
104	151	0	1.45094204	11.4577842	11.3756499	11.2759219	11.4577842	0.0589993431	0.140273002	0	100	0	0	0	3
105	153	0	1.4648934	11.4420833	11.3791788	11.2759219	11.4577842	0.062528284	0.140273002	0	100	0	0	0	3
106	154	0	1.47884477	11.3959221	11.3817884	11.2759219	11.4577842	0.0651378733	0.140273002	0	100	0	0	0	3
107	155	0	1.49279614	11.4195633	11.3856458	11.2759219	11.4577842	0.0689952254	0.140273002	0	100	0	0	0	3
108	157	0	1.5067475	11.4478926	11.3902738	11.2759219	11.4577842	0.0736232435	0.140273002	0	100	0	0	0	3
109	158	0	1.52069887	11.4345651	11.3946805	11.3150255	11.4577842	0.0780299993	0.140273002	0	100	0	0	0	3
110	160	0	1.53465023	11.3706509	11.3943858	11.3150255	11.4577842	0.0780299993	0.140273002	0	100	0	0	0	3
111	161	0	1.5486016	11.4143785	11.3960219	11.3150255	11.4577842	0.0793713837	0.140273002	0	100	0	0	0	3
112	162	0	1.56255296	11.4266684	11.3984734	11.3150255	11.4577842	0.0818228574	0.140273002	0	100	0	0	0	3
113	164	0	1.57650433	11.3836375	11.3988332	11.3150255	11.4577842	0.0821826666	0.140273002	0	100	0	0	0	3
114	165	0	1.5904557	11.4200869	11.4003954	11.3150255	11.4577842	0.083744817	0.140273002	0	100	0	0	0	3
115	166	0	1.60440706	11.4159077	11.4031976	11.3473076	11.4577842	0.0865471018	0.140273002	0	100	0	0	0	3
116	168	0	1.61835843	11.3964452	11.4045626	11.3498258	11.4577842	0.087912034	0.140273002	0	100	0	0	0	3
117	169	0	1.63230979	11.4446078	11.4067718	11.3498258	11.4577842	0.0901213106	0.140273002	0	100	0	0	0	3
118	170	0	1.64626116	11.4005003	11.4077677	11.3498258	11.4577842	0.0894232931	0.140273002	0	100	0	0	0	3
119	172	0	1.66021252	11.3935173	11.4089814	11.3554708	11.4577842	0.0855938081	0.140273002	0	100	0	0	0	3
120	173	0	1.67416389	11.4470381	11.409378	11.3554708	11.4577842	0.0850106277	0.140273002	0	100	0	0	0	3
121	174	0	1.68811526	11.376503	11.4091917	11.3554708	11.4577842	0.0850106277	0.140273002	0	100	0	0	0	3
122	176	0	1.70206662	11.4523828	11.4118711	11.3554708	11.4577842	0.0875037514	0.140273002	0	100	0	0	0	3
123	177	0	1.71601799	11.358133	11.410104	11.3554708	11.4577842	0.0875037514	0.140273002	0	100	0	0	0	3
124	178	0	1.72996935	11.4220767	11.4118773	11.3554708	11.4577842	0.0806423171	0.140273002	0	100	0	0	0	3
125	180	0	1.74392072	11.3783005	11.4107693	11.3554708	11.4577842	0.0806423171	0.140273002	0	100	0	0	0	3
126	181	0	1.75787208	11.4392648	11.4130969	11.358133	11.4577842	0.0740503425	0.140273002	0	100	0	0	0	3
127	183	0	1.77182345	11.3903287	11.4117353	11.358133	11.4577842	0.0718214249	0.140273002	0	100	0	0	0	3
128	184	0	1.78577482	11.4584231	11.4141784	11.358133	11.4584231	0.0700501029	0.140273002	0	100	0	0	0	3
129	185	0	1.79972618	11.402397	11.4139378	11.358133	11.4584231	0.0660654686	0.140273002	0	100	0	0	0	3
130	187	0	1.81367755	11.4600187	11.416056	11.358133	11.4600187	0.066196251	0.140273002	0	100	0	0	0	3
131	188	0	1.82762891	11.4443258	11.4172403	11.358133	11.4600187	0.065808089	0.140273002	0	100	0	0	0	3
132	189	0	1.84158028	11.5153862	11.4199806	11.358133	11.5153862	0.0666563904	0.140273002	0	100	0	0	0	3
133	191	0	1.85553164	11.4380078	11.4213865	11.358133	11.5153862	0.0668574925	0.140273002	0	100	0	0	0	3
134	192	0	1.86948301	11.479375	11.4222879	11.358133	11.5153862	0.0670158472	0.140273002	0	100	0	0	0	3
135	193	0	1.88343438	11.349838	11.4211829	11.349838	11.5153862	0.0624572498	0.140273002	0	100	0	0	0	3
136	195	0	1.89738574	11.4377134	11.4215524	11.349838	11.5153862	0.0578443826	0.140273002	0	100	0	0	0	3
137	196	0	1.91133711	11.3650547	11.4206771	11.349838	11.5153862	0.0541194978	0.140273002	0	100	0	0	0	3
138	197	0	1.92528847	11.4608878	11.4210843	11.349838	11.5153862	0.0499082466	0.140273002	0	100	0	0	0	3
139	199	0	1.93923984	11.5119353	11.4236556	11.349838	11.5153862	0.0480057236	0.140273002	0	100	0	0	0	3
140	200	0	1.95319121	11.4843482	11.4243935	11.349838	11.5153862	0.0452146718	0.140273002	0	100	0	0	0	3
141	201	0	1.96714257	11.4223184	11.4238445	11.349838	11.5153862	0.0426050825	0.140273002	0	100	0	0	0	3
142	203	0	1.98109394	11.472216	11.4259637	11.349838	11.5153862	0.0403179791	0.140273002	0	100	0	0	0	3
143	204	0	1.9950453	11.357953	11.4242523	11.349838	11.5153862	0.035689961	0.140273002	0	100	0	0	0	3
144	206	0	2.00899667	11.3749827	11.4222271	11.349838	11.5153862	0.0315779642	0.140273002	0	100	0	0	0	3
145	207	0	2.02294803	11.3487492	11.4198433	11.3487492	11.5153862	0.0315779642	0.140273002	0	100	0	0	0	3
146	208	0	2.0368994	11.4260843	11.4213831	11.3487492	11.5153862	0.0299418208	0.140273002	0	100	0	0	0	3
147	210	0	2.05085077	11.3808495	11.4204517	11.3487492	11.5153862	0.0274903471	0.140273002	0	100	0	0	0	3
148	211	0	2.06480213	11.4357712	11.4207046	11.3487492	11.5153862	0.0271305379	0.140273002	0	100	0	0	0	3
149	212	0	2.0787535	11.4147157	11.4215679	11.3487492	11.5153862	0.0255683875	0.140273002	0	100	0	0	0	3
150	214	0	2.09270486	11.4343521	11.4219641	11.3487492	11.5153862	0.0227661027	0.140273002	0	100	0	0	0	3
151	215	0	2.10665623	11.3820507	11.4210237	11.3487492	11.5153862	0.0214011705	0.140273002	0	100	0	0	0	3
152	216	0	2.12060759	11.4509662	11.4225381	11.3487492	11.5153862	0.0191918939	0.140273002	0	100	0	0	0	3
153	218	0	2.13455896	11.3535203	11.4200079	11.3487492	11.5153862	0.0181960059	0.140273002	0	100	0	0	0	3
154	219	0	2.14851033	11.4215336	11.4205922	11.3487492	11.5153862	0.0169823543	0.140273002	0	100	0	0	0	3
155	220	0	2.16246169	11.3663456	11.4198374	11.3487492	11.5153862	0.0167720807	0.140273002	0	100	0	0	0	3
156	222	0	2.17641306	11.4600623	11.4201992	11.3487492	11.5153862	0.0167720807	0.140273002	0	100	0	0	0	3
157	223	0	2.19036442	11.3756754	11.4201762	11.3487492	11.5153862	0.0158596903	0.140273002	0	100	0	0	0	3
158	224	0	2.20431579	11.4105784	11.419015	11.3487492	11.5153862	0.0158596903	0.140273002	0	100	0	0	0	3
159	226	0	2.21826715	11.3803826	11.419633	11.3487492	11.5153862	0.01519442	0.140273002	0	100	0	0	0	3
160	227	0	2.23221852	11.4741966	11.4210808	11.3487492	11.5153862	0.01519442	0.140273002	0	100	0	0	0	3
161	229	0	2.24616989	11.4243202	11.4223591	11.3487492	11.5153862	0.0142284191	0.140273002	0	100	0	0	0	3
162	230	0	2.26012125	11.4987601	11.4240118	11.3487492	11.5153862	0.0142284191	0.140273002	0	100	0	0	0	3
163	231	0	2.27407262	11.4221246	11.424895	11.3487492	11.5153862	0.0120259541	0.140273002	0	100	0	0	0	3
164	233	0	2.28802398	11.4974679	11.4259796	11.3487492	11.5153862	0.0120417861	0.140273002	0	100	0	0	0	3
165	234	0	2.30197535	11.3776559	11.4252923	11.3487492	11.5153862	0.00992358356	0.140273002	0	100	0	0	0	3
166	235	0	2.31592671	11.4551629	11.4251574	11.3487492	11.5153862	0.00873931724	0.140273002	0	100	0	0	0	3
167	237	0	2.32987808	11.4084822	11.4241618	11.3487492	11.5153862	0.00696459342	0.140273002	0	100	0	0	0	3
168	238	0	2.34382945	11.4906752	11.4234754	11.3487492	11.5119353	0.00696459342	0.140273002	0	100	0	0	0	3
169	239	0	2.35778081	11.4064626	11.4225991	11.3487492	11.5119353	0.00696459342	0.140273002	0	100	0	0	0	3
170	241	0	2.37173218	11.5380588	11.4242292	11.3487492	11.5380588	0.00696459342	0.140273002	0	100	0	0	0	3
171	242	0	2.38568354	11.4187585	11.4261437	11.3487492	11.5380588	0.00712868868	0.140273002	0	100	0	0	0	3
172	243	0	2.39963491	11.5129451	11.4282334	11.3487492	11.5380588	0.00921845847	0.140273002	0	100	0	0	0	3
173	245	0	2.41358627	11.421979	11.4298147	11.3487492	11.5380588	0.0107996898	0.140273002	0	100	0	0	0	3
174	246	0	2.42753764	11.447428	11.4294408	11.3487492	11.5380588	0.0107996898	0.140273002	0	100	0	0	0	3
175	248	0	2.44148901	11.4199455	11.4268855	11.3487492	11.5380588	0.0107996898	0.140273002	0	100	0	0	0	3
176	249	0	2.45544037	11.5294947	11.4281396	11.3487492	11.5380588	0.0107996898	0.140273002	0	100	0	0	0	3
177	250	0	2.46939174	11.4334663	11.4284492	11.3487492	11.5380588	0.0107996898	0.140273002	0	100	0	0	0	3
178	252	0	2.4833431	11.4111088	11.4267518	11.3487492	11.5380588	0.0107996898	0.140273002	0	100	0	0	0	3
179	253	0	2.49729447	11.3980592	11.4278659	11.3487492	11.5380588	0.0107996898	0.140273002	0	100	0	0	0	3
180	254	0	2.51124584	11.4072646	11.4287626	11.3487492	11.5380588	0.0107996898	0.140273002	0	100	0	0	0	3
181	256	0	2.5251972	11.4686641	11.4320936	11.3535203	11.5380588	0.0130785938	0.140273002	0	100	0	0	0	3
182	257	0	2.53914857	11.3829362	11.430895	11.3535203	11.5380588	0.0130785938	0.140273002	0	100	0	0	0	3
183	258	0	2.55309993	11.4609111	11.4331189	11.3535203	11.5380588	0.0141039674	0.140273002	0	100	0	0	0	3
184	260	0	2.5670513	11.4398111	11.4332312	11.3535203	11.5380588	0.0142161877	0.140273002	0	100	0	0	0	3
185	261	0	2.58100266	11.4798157	11.4350395	11.3535203	11.5380588	0.0160245201	0.140273002	0	100	0	0	0	3
186	263	0	2.59495403	11.4614496	11.4357922	11.3535203	11.5380588	0.01677723	0.140273002	0	100	0	0	0	3
187	264	0	2.6089054	11.4536666	11.4377815	11.3535203	11.5380588	0.0187665613	0.140273002	0	100	0	0	0	3
188	265	0	2.62285676	11.4246021	11.4370492	11.3535203	11.5380588	0.0187665613	0.140273002	0	100	0	0	0	3
189	267	0	2.63680813	11.4188931	11.4388651	11.3663456	11.5380588	0.0198501349	0.140273002	0	100	0	0	0	3
190	268	0	2.65075949	11.3858866	11.4378749	11.3663456	11.5380588	0.0198501349	0.140273002	0	100	0	0	0	3
191	269	0	2.66471086	11.4007515	11.4388306	11.3756754	11.5380588	0.0198501349	0.140273002	0	100	0	0	0	3
192	271	0	2.67866222	11.4127056	11.4375152	11.3756754	11.5380588	0.0198501349	0.140273002	0	100	0	0	0	3
193	272	0	2.69261359	11.408678	11.4384319	11.3776559	11.5380588	0.0198501349	0.140273002	0	100	0	0	0	3
194	274	0	2.70656496	11.4409271	11.4392749	11.3776559	11.5380588	0.0196419098	0.140273002	0	100	0	0	0	3
195	275	0	2.72051632	11.3729284	11.4390679	11.3729284	11.5380588	0.0181941365	0.140273002	0	100	0	0	0	3
196	276	0	2.73446769	11.4294686	11.4378254	11.3729284	11.5380588	0.0169158088	0.140273002	0	100	0	0	0	3
197	278	0	2.74841905	11.3586857	11.4360022	11.3586857	11.5380588	0.0166758322	0.140273002	0	100	0	0	0	3
198	279	0	2.76237042	11.3290166	11.4312872	11.3290166	11.5380588	0.0166758322	0.140273002	0	100	0	0	0	3
199	280	0	2.77632178	11.3303634	11.4287382	11.3290166	11.5380588	0.0166758322	0.140273002	0	100	0	0	0	3
200	282	0	2.79027315	11.4333324	11.4269567	11.3290166	11.5380588	0.0166758322	0.140273002	0	100	0	0	0	3
201	283	0	2.80422452	11.4699088	11.4295193	11.3290166	11.5380588	0.0166758322	0.140273002	0	100	0	0	0	3
202	285	0	2.81817588	11.3712717	11.427189	11.3290166	11.5380588	0.0166758322	0.140273002	0	100	0	0	0	3
203	286	0	2.83212725	11.3504547	11.4255771	11.3290166	11.5380588	0.0166758322	0.140273002	0	100	0	0	0	3
204	288	0	2.84607861	11.3929598	11.4228628	11.3290166	11.5380588	0.0166758322	0.140273002	0	100	0	0	0	3
205	289	0	2.86002998	11.4123334	11.4230258	11.3290166	11.5380588	0.0164121682	0.140273002	0	100	0	0	0	3
206	290	0	2.87398134	11.4365522	11.4202062	11.3290166	11.5294947	0.0190687169	0.140273002	0	100	0	0	0	3
207	292	0	2.88793271	11.4729032	11.4217102	11.3290166	11.5294947	0.0190687169	0.140273002	0	100	0	0	0	3
208	293	0	2.90188408	11.4016394	11.4186184	11.3290166	11.5294947	0.0206565214	0.140273002	0	100	0	0	0	3
209	294	0	2.91583544	11.4387036	11.419083	11.3290166	11.5294947	0.0206565214	0.140273002	0	100	0	0	0	3
210	296	0	2.92978681	11.407906	11.4179852	11.3290166	11.5294947	0.0212897821	0.140273002	0	100	0	0	0	3
211	297	0	2.94373817	11.4298344	11.4182598	11.3290166	11.5294947	0.0212897821	0.140273002	0	100	0	0	0	3
212	299	0	2.95768954	11.4158557	11.4151032	11.3290166	11.4798157	0.0241717304	0.140273002	0	100	0	0	0	3
213	300	0	2.9716409	11.3890558	11.4138696	11.3290166	11.4798157	0.0254053542	0.140273002	0	100	0	0	0	3
214	301	0	2.98559227	11.4117355	11.413887	11.3290166	11.4798157	0.0254053542	0.140273002	0	100	0	0	0	3
215	303	0	2.99954364	11.4330563	11.4148591	11.3290166	11.4798157	0.0254053542	0.140273002	0	100	0	0	0	3
216	304	0	3.013495	11.3843602	11.4142229	11.3290166	11.4798157	0.0254053542	0.140273002	0	100	0	0	0	3
217	305	0	3.02744637	11.416842	11.4127834	11.3290166	11.4798157	0.0264915386	0.140273002	0	100	0	0	0	3
218	307	0	3.04139773	11.3895429	11.4129669	11.3290166	11.4798157	0.0264915386	0.140273002	0	100	0	0	0	3
219	308	0	3.0553491	11.478884	11.4134662	11.3290166	11.4798157	0.0264915386	0.140273002	0	100	0	0	0	3
220	310	0	3.06930047	11.4047784	11.412493	11.3290166	11.4798157	0.0267819007	0.140273002	0	100	0	0	0	3
221	311	0	3.08325183	11.431916	11.4111625	11.3290166	11.478884	0.028112446	0.140273002	0	100	0	0	0	3
222	312	0	3.0972032	11.4183363	11.4099649	11.3290166	11.478884	0.0293100381	0.140273002	0	100	0	0	0	3
223	314	0	3.11115456	11.4313842	11.4093459	11.3290166	11.478884	0.029928995	0.140273002	0	100	0	0	0	3
224	315	0	3.12510593	11.4109034	11.4089654	11.3290166	11.478884	0.0303095134	0.140273002	0	100	0	0	0	3
225	316	0	3.13905729	11.3862445	11.4080585	11.3290166	11.478884	0.0312164186	0.140273002	0	100	0	0	0	3
226	318	0	3.15300866	11.4074189	11.4086566	11.3290166	11.478884	0.0312164186	0.140273002	0	100	0	0	0	3
227	319	0	3.16696003	11.4431475	11.4098343	11.3290166	11.478884	0.0312164186	0.140273002	0	100	0	0	0	3
228	320	0	3.18091139	11.4740679	11.4115388	11.3290166	11.478884	0.0312164186	0.140273002	0	100	0	0	0	3
229	322	0	3.19486276	11.3894532	11.4110048	11.3290166	11.478884	0.0312164186	0.140273002	0	100	0	0	0	3
230	323	0	3.20881412	11.4304632	11.4107141	11.3290166	11.478884	0.0310093563	0.140273002	0	100	0	0	0	3
231	325	0	3.22276549	11.4512798	11.4128905	11.3290166	11.478884	0.029766914	0.140273002	0	100	0	0	0	3
232	326	0	3.23671685	11.476872	11.4142073	11.3290166	11.478884	0.0279437313	0.140273002	0	100	0	0	0	3
233	327	0	3.25066822	11.4205092	11.4159246	11.3290166	11.478884	0.0232286343	0.140273002	0	100	0	0	0	3
234	329	0	3.26461959	11.4696907	11.4198322	11.3303634	11.478884	0.0214607508	0.140273002	0	100	0	0	0	3
235	330	0	3.27857095	11.4310178	11.4226282	11.3504547	11.478884	0.0214607508	0.140273002	0	100	0	0	0	3
236	331	0	3.29252232	11.4367264	11.4227225	11.3504547	11.478884	0.0214607508	0.140273002	0	100	0	0	0	3
237	333	0	3.30647368	11.4598472	11.422443	11.3504547	11.478884	0.0191304398	0.140273002	0	100	0	0	0	3
238	334	0	3.32042505	11.4586195	11.4248693	11.3504547	11.478884	0.0175185674	0.140273002	0	100	0	0	0	3
239	335	0	3.33437641	11.4055015	11.4263984	11.3843602	11.478884	0.0183398771	0.140273002	0	100	0	0	0	3
240	337	0	3.34832778	11.4433611	11.4277984	11.3843602	11.478884	0.0197399149	0.140273002	0	100	0	0	0	3
241	338	0	3.36227915	11.391087	11.4272083	11.3843602	11.478884	0.0197399149	0.140273002	0	100	0	0	0	3
242	339	0	3.37623051	11.4320899	11.4270843	11.3843602	11.478884	0.0197399149	0.140273002	0	100	0	0	0	3
243	341	0	3.39018188	11.4291893	11.42587	11.3843602	11.478884	0.0197399149	0.140273002	0	100	0	0	0	3
244	342	0	3.40413324	11.4375502	11.4268675	11.3843602	11.478884	0.0197399149	0.140273002	0	100	0	0	0	3
245	344	0	3.41808461	11.3814791	11.425278	11.3814791	11.478884	0.0197399149	0.140273002	0	100	0	0	0	3
246	345	0	3.43203597	11.4224625	11.4256823	11.3814791	11.478884	0.0197399149	0.140273002	0	100	0	0	0	3
247	346	0	3.44598734	11.4029829	11.4249364	11.3814791	11.478884	0.0197399149	0.140273002	0	100	0	0	0	3
248	348	0	3.45993871	11.4204269	11.4250634	11.3814791	11.478884	0.0197399149	0.140273002	0	100	0	0	0	3
249	349	0	3.47389007	11.4478587	11.4266968	11.3814791	11.478884	0.0197399149	0.140273002	0	100	0	0	0	3
250	350	0	3.48784144	11.4064206	11.4265492	11.3814791	11.478884	0.0197399149	0.140273002	0	100	0	0	0	3
251	352	0	3.5017928	11.4914491	11.4281712	11.3814791	11.4914491	0.0201127062	0.140273002	0	100	0	0	0	3
252	353	0	3.51574417	11.4383285	11.4296703	11.3814791	11.4914491	0.0216118231	0.140273002	0	100	0	0	0	3
253	354	0	3.52969553	11.4325565	11.4301069	11.3814791	11.4914491	0.0220483385	0.140273002	0	100	0	0	0	3
254	356	0	3.5436469	11.4368238	11.4314202	11.3814791	11.4914491	0.0233616953	0.140273002	0	100	0	0	0	3
255	357	0	3.55759827	11.452744	11.4306941	11.3814791	11.4914491	0.0233616953	0.140273002	0	100	0	0	0	3
256	358	0	3.57154963	11.4365496	11.4315766	11.3814791	11.4914491	0.0235181194	0.140273002	0	100	0	0	0	3
257	360	0	3.585501	11.4449249	11.431938	11.3814791	11.4914491	0.0238794767	0.140273002	0	100	0	0	0	3
258	361	0	3.59945236	11.4220043	11.4320399	11.3814791	11.4914491	0.0239813651	0.140273002	0	100	0	0	0	3
259	362	0	3.61340373	11.4456208	11.4324353	11.3814791	11.4914491	0.0243768277	0.140273002	0	100	0	0	0	3
260	364	0	3.6273551	11.4033149	11.4322246	11.3814791	11.4914491	0.0243768277	0.140273002	0	100	0	0	0	3
261	365	0	3.64130646	11.4736548	11.4346526	11.3814791	11.4914491	0.0259959821	0.140273002	0	100	0	0	0	3
262	367	0	3.65525783	11.4260997	11.4351715	11.3814791	11.4914491	0.0253372265	0.140273002	0	100	0	0	0	3
263	368	0	3.66920919	11.3871581	11.4336163	11.3814791	11.4914491	0.0244574049	0.140273002	0	100	0	0	0	3
264	369	0	3.68316056	11.41582	11.4319983	11.3814791	11.4914491	0.0244574049	0.140273002	0	100	0	0	0	3
265	371	0	3.69711192	11.4362007	11.4332968	11.3814791	11.4914491	0.0244574049	0.140273002	0	100	0	0	0	3
266	372	0	3.71106329	11.4512154	11.4338733	11.3814791	11.4914491	0.0222809782	0.140273002	0	100	0	0	0	3
267	373	0	3.72501466	11.4783899	11.4346263	11.3814791	11.4914491	0.0209642192	0.140273002	0	100	0	0	0	3
268	375	0	3.73896602	11.4101882	11.432774	11.3814791	11.4914491	0.0192468998	0.140273002	0	100	0	0	0	3
269	376	0	3.75291739	11.3954377	11.4320776	11.3814791	11.4914491	0.0153392848	0.140273002	0	100	0	0	0	3
270	378	0	3.76686875	11.4176215	11.4306312	11.3814791	11.4914491	0.0127285404	0.140273002	0	100	0	0	0	3
271	379	0	3.78082012	11.390564	11.4295075	11.3814791	11.4914491	0.0127285404	0.140273002	0	100	0	0	0	3
272	380	0	3.79477148	11.4225574	11.4291139	11.3814791	11.4914491	0.0127285404	0.140273002	0	100	0	0	0	3
273	382	0	3.80872285	11.4270009	11.4282015	11.3814791	11.4914491	0.0103022116	0.140273002	0	100	0	0	0	3
274	383	0	3.82267422	11.4072459	11.4267745	11.3814791	11.4914491	0.0102350832	0.140273002	0	100	0	0	0	3
275	384	0	3.83662558	11.4036511	11.426723	11.3814791	11.4914491	0.0102350832	0.140273002	0	100	0	0	0	3
276	386	0	3.85057695	11.4133604	11.4258897	11.3814791	11.4914491	0.0102350832	0.140273002	0	100	0	0	0	3
277	387	0	3.86452831	11.428445	11.4269274	11.3814791	11.4914491	0.0102350832	0.140273002	0	100	0	0	0	3
278	388	0	3.87847968	11.4129229	11.426395	11.3814791	11.4914491	0.0102350832	0.140273002	0	100	0	0	0	3
279	390	0	3.89243104	11.4088474	11.4258299	11.3814791	11.4914491	0.0102350832	0.140273002	0	100	0	0	0	3
280	391	0	3.90638241	11.4385782	11.4258585	11.3814791	11.4914491	0.0102350832	0.140273002	0	100	0	0	0	3
281	392	0	3.92033378	11.4404869	11.4274976	11.3871581	11.4914491	0.0102350832	0.140273002	0	100	0	0	0	3
282	394	0	3.93428514	11.4380935	11.4279318	11.3871581	11.4914491	0.0102350832	0.140273002	0	100	0	0	0	3
283	395	0	3.94823651	11.4748518	11.4299282	11.3871581	11.4914491	0.0101081052	0.140273002	0	100	0	0	0	3
284	397	0	3.96218787	11.4529136	11.4308306	11.3871581	11.4914491	0.00934157815	0.140273002	0	100	0	0	0	3
285	398	0	3.97613924	11.4803757	11.4317338	11.3871581	11.4914491	0.00934157815	0.140273002	0	100	0	0	0	3
286	399	0	3.9900906	11.4075149	11.4317642	11.3871581	11.4914491	0.00934157815	0.140273002	0	100	0	0	0	3
287	401	0	4.00404197	11.4803293	11.4314553	11.3871581	11.4803757	0.00934157815	0.140273002	0	100	0	0	0	3
