Iteration	CPUTime	PhysTime	Travels	Value	AvValue	MinValue	MaxValue	Delta	Criteria	Progress	dGMaxMin	CriteriaType	CriteriaVarType	CriteriaPercentage
1	8	0	0.0139513658	7.48165719	7.48165719	7.48165719	7.48165719	0	0	0	0	0	0	0	3
2	10	0	0.0279027315	6.92827211	7.20496465	6.92827211	7.48165719	0.276692541	0	0	0	0	0	0	3
3	11	0	0.0418540973	9.35730133	7.92241021	6.92827211	9.35730133	0.717445561	0	0	0	0	0	0	3
4	13	0	0.055805463	10.7351318	8.6255906	6.92827211	10.7351318	1.42062595	0	0	0	0	0	0	3
5	14	0	0.0697568288	10.148481	8.93016868	6.92827211	10.7351318	1.72520403	0	0	0	0	0	0	3
6	16	0	0.0837081945	9.55121299	9.03367606	6.92827211	10.7351318	1.82871141	0	0	0	0	0	0	3
7	17	0	0.0976595603	9.74693765	9.13557057	6.92827211	10.7351318	1.93060593	0	0	0	0	0	0	3
8	18	0	0.111610926	9.32468056	9.15920932	6.92827211	10.7351318	1.95424467	0	0	0	0	0	0	3
9	20	0	0.125562292	9.69633972	9.21889048	6.92827211	10.7351318	2.01392583	0	0	0	0	0	0	3
10	21	0	0.139513658	9.68995332	9.26599676	6.92827211	10.7351318	2.06103211	0	0	0	0	0	0	3
11	22	0	0.153465023	9.77496221	9.31226635	6.92827211	10.7351318	2.1073017	0	0	0	0	0	0	3
12	23	0	0.167416389	9.80281022	9.353145	6.92827211	10.7351318	2.14818036	0	0	0	0	0	0	3
13	25	0	0.181367755	9.7983619	9.38739246	6.92827211	10.7351318	2.18242781	0	0	0	0	0	0	3
14	26	0	0.195319121	9.76841784	9.41460856	6.92827211	10.7351318	2.20964391	0	0	0	0	0	0	3
15	27	0	0.209270486	9.73114199	9.43571078	6.92827211	10.7351318	2.23074614	0	0	0	0	0	0	3
16	29	0	0.223221852	9.79826381	9.45837035	6.92827211	10.7351318	2.2534057	0	0	0	0	0	0	3
17	30	0	0.237173218	9.99499701	9.48993662	6.92827211	10.7351318	2.28497198	0	0	0	0	0	0	3
18	32	0	0.251124584	10.1675582	9.52758227	6.92827211	10.7351318	2.32261762	0	0	0	0	0	0	3
19	33	0	0.265075949	10.2919537	9.56781234	6.92827211	10.7351318	2.36284769	0	0	0	0	0	0	3
20	34	0	0.279027315	10.381182	9.60848082	6.92827211	10.7351318	2.40351617	0	0	0	0	0	0	3
21	36	0	0.292978681	10.4585763	9.64896156	6.92827211	10.7351318	2.44399691	0	0	0	0	0	0	3
22	37	0	0.306930047	10.5138547	9.68827488	6.92827211	10.7351318	2.48331024	0	0	0	0	0	0	3
23	38	0	0.320881412	10.5447673	9.72551369	6.92827211	10.7351318	2.52054904	0	0	0	0	0	0	3
24	40	0	0.334832778	10.5686324	9.76064363	6.92827211	10.7351318	2.55567899	0	0	0	0	0	0	3
25	41	0	0.348784144	10.5792794	9.79338906	6.92827211	10.7351318	2.58842441	0	0	0	0	0	0	3
26	43	0	0.36273551	10.586351	9.8238876	6.92827211	10.7351318	2.61892295	0	0	0	0	0	0	3
27	44	0	0.376686875	10.5873889	9.85216542	6.92827211	10.7351318	2.64720077	0	0	0	0	0	0	3
28	45	0	0.390638241	10.5791881	9.87813052	6.92827211	10.7351318	2.67316587	0	0	0	0	0	0	3
29	47	0	0.404589607	10.5724778	9.90207353	6.92827211	10.7351318	2.69710888	0	0	0	0	0	0	3
30	48	0	0.418540973	10.5666528	9.92422617	6.92827211	10.7351318	2.71926152	0	0	0	0	0	0	3
31	50	0	0.432492338	10.5664298	9.94494241	6.92827211	10.7351318	2.73997777	0	0	0	0	0	0	3
32	51	0	0.446443704	10.5585726	9.96411836	6.92827211	10.7351318	2.75915371	0	0	0	0	0	0	3
33	52	0	0.46039507	10.5593625	9.98215606	6.92827211	10.7351318	2.77719141	0	0	0	0	0	0	3
34	54	0	0.474346436	10.5586229	9.99911097	6.92827211	10.7351318	2.79414632	0	0	0	0	0	0	3
35	55	0	0.488297801	10.565576	10.0152957	6.92827211	10.7351318	2.81033103	0	0	0	0	0	0	3
36	57	0	0.502249167	10.5699598	10.030703	6.92827211	10.7351318	2.82573837	0	0	0	0	0	0	3
37	58	0	0.516200533	10.5671346	10.1164107	6.92827211	10.7351318	2.91144608	0	0	0	0	0	0	3
38	60	0	0.530151899	10.5667024	10.2174782	9.32468056	10.7351318	1.41045122	0	0	0	0	0	0	3
39	61	0	0.544103264	10.53151	10.2500951	9.32468056	10.7351318	1.41045122	0	0	0	0	0	0	3
40	63	0	0.55805463	10.5403966	10.2446858	9.32468056	10.5873889	1.26270833	0	0	0	0	0	0	3
41	64	0	0.572005996	10.5128287	10.2548066	9.32468056	10.5873889	1.22113054	0	0	0	0	0	0	3
42	65	0	0.585957362	10.5295008	10.2819813	9.32468056	10.5873889	1.14641069	0	0	0	0	0	0	3
43	67	0	0.599908727	10.4976125	10.3028333	9.32468056	10.5873889	1.14362402	0	0	0	0	0	0	3
44	68	0	0.613860093	10.5064381	10.3356599	9.68995332	10.5873889	0.897435562	0	0	0	0	0	0	3
45	70	0	0.627811459	10.4726009	10.3572227	9.68995332	10.5873889	0.897435562	0	0	0	0	0	0	3
46	71	0	0.641762825	10.4761454	10.3790614	9.73114199	10.5873889	0.856246892	0	0	0	0	0	0	3
47	72	0	0.65571419	10.4665579	10.3982724	9.73114199	10.5873889	0.856246892	0	0	0	0	0	0	3
48	74	0	0.669665556	10.4623295	10.4165924	9.73114199	10.5873889	0.856246892	0	0	0	0	0	0	3
49	75	0	0.683616922	10.4688007	10.4352157	9.73114199	10.5873889	0.856246892	0	0	0	0	0	0	3
50	77	0	0.697568288	10.4683645	10.4546587	9.73114199	10.5873889	0.856246892	0	0	0	0	0	0	3
51	78	0	0.711519653	10.4730325	10.4752667	9.79826381	10.5873889	0.789125072	0	0	0	0	0	0	3
52	79	0	0.725471019	10.4550414	10.4935105	9.99499701	10.5873889	0.59239187	0	0	0	0	0	0	3
53	81	0	0.739422385	10.4812194	10.5070167	10.1675582	10.5873889	0.419830698	0	0	0	0	0	0	3
54	82	0	0.753373751	10.4536522	10.5149638	10.2919537	10.5873889	0.295435215	0	0	0	0	0	0	3
55	83	0	0.767325116	10.4755483	10.5200636	10.381182	10.5873889	0.206206919	0	0	0	0	0	0	3
56	85	0	0.781276482	10.4477724	10.5219134	10.4477724	10.5873889	0.139616448	0	0	0	0	0	0	3
57	86	0	0.795227848	10.4733121	10.5223227	10.4477724	10.5873889	0.139616448	0	0	0	0	0	0	3
58	88	0	0.809179214	10.4631078	10.5209131	10.4477724	10.5873889	0.139616448	0	0	0	0	0	0	3
59	89	0	0.823130579	10.4543833	10.5184024	10.4477724	10.5873889	0.139616448	0	0	0	0	0	0	3
60	90	0	0.837081945	10.4334943	10.5146486	10.4334943	10.5873889	0.15389459	0	0	0	0	0	0	3
61	92	0	0.851033311	10.4381699	10.5107288	10.4334943	10.5873889	0.15389459	0	0	0	0	0	0	3
62	93	0	0.864984677	10.4324125	10.5064528	10.4324125	10.5873889	0.154976343	0	0	0	0	0	0	3
63	95	0	0.878936042	10.4316214	10.5021259	10.4316214	10.5791881	0.147566681	0	0	0	0	0	0	3
64	96	0	0.892887408	10.4299902	10.4979815	10.4299902	10.5724778	0.142487601	0	0	0	0	0	0	3
65	97	0	0.906838774	10.4323427	10.4940889	10.4299902	10.5699598	0.139969585	0	0	0	0	0	0	3
66	99	0	0.92079014	10.4369218	10.4904852	10.4299902	10.5699598	0.139969585	0	0	0	0	0	0	3
67	100	0	0.934741505	10.4415057	10.4870151	10.4299902	10.5699598	0.139969585	0	0	0	0	0	0	3
68	101	0	0.948692871	10.4473211	10.4839248	10.4299902	10.5699598	0.139969585	0	0	0	0	0	0	3
69	103	0	0.962644237	10.4493275	10.4808683	10.4299902	10.5699598	0.139969585	0	0	0	0	0	0	3
70	104	0	0.976595603	10.4560926	10.4780202	10.4299902	10.5699598	0.139969585	0	0	0	0	0	0	3
71	106	0	0.990546968	10.4603409	10.475097	10.4299902	10.5699598	0.139969585	0	0	0	0	0	0	3
72	107	0	1.00449833	10.4672514	10.472244	10.4299902	10.5671346	0.137144417	0.0423135365	0	30.8	0	0	0	3
73	108	0	1.0184497	10.4677211	10.4694825	10.4299902	10.5667024	0.13671226	0.0423135365	0	30.9	0	0	0	3
74	110	0	1.03240107	10.4714953	10.4668379	10.4299902	10.5403966	0.110406432	0.0423135365	0	38.3	0	0	0	3
75	111	0	1.04635243	10.4654711	10.4650035	10.4299902	10.5403966	0.110406432	0.0423135365	0	38.3	0	0	0	3
76	112	0	1.0603038	10.461718	10.4628179	10.4299902	10.5295008	0.0995106054	0.0423135365	0	42.5	0	0	0	3
77	114	0	1.07425516	10.4594884	10.4613363	10.4299902	10.5295008	0.0995106054	0.0423135365	0	42.5	0	0	0	3
78	115	0	1.08820653	10.46179	10.4594554	10.4299902	10.5064381	0.0764478797	0.0423135365	0	55.3	0	0	0	3
79	117	0	1.10215789	10.4755537	10.4588427	10.4299902	10.5064381	0.0764478797	0.0423135365	0	55.3	0	0	0	3
80	118	0	1.11610926	10.4767876	10.4580191	10.4299902	10.4812194	0.0512292616	0.0423135365	0	82.5	0	0	0	3
81	119	0	1.13006063	10.4894905	10.4584882	10.4299902	10.4894905	0.0595002849	0.0423135365	0	71.1	0	0	0	3
82	121	0	1.14401199	10.4900736	10.4588751	10.4299902	10.4900736	0.0600834019	0.0423135365	0	70.4	0	0	0	3
83	122	0	1.15796336	10.4846151	10.4593767	10.4299902	10.4900736	0.0600834019	0.0423135365	0	70.4	0	0	0	3
84	123	0	1.17191472	10.5051682	10.4605666	10.4299902	10.5051682	0.0751780004	0.0423135365	0	56.2	0	0	0	3
85	125	0	1.18586609	10.4901566	10.4611599	10.4299902	10.5051682	0.067664042	0.0423135365	0	62.5	0	0	0	3
86	126	0	1.19981745	10.510465	10.4623293	10.4299902	10.510465	0.0643036428	0.0423135365	0	65.8	0	0	0	3
87	128	0	1.21376882	10.4965319	10.4629821	10.4299902	10.510465	0.0643036428	0.0423135365	0	65.8	0	0	0	3
88	129	0	1.22772019	10.5148199	10.4646426	10.4299902	10.5148199	0.0643036428	0.0423135365	0	65.8	0	0	0	3
89	130	0	1.24167155	10.4981168	10.465112	10.4299902	10.5148199	0.0643036428	0.0423135365	0	65.8	0	0	0	3
90	132	0	1.25562292	10.5138803	10.466785	10.4299902	10.5148199	0.0643036428	0.0423135365	0	65.8	0	0	0	3
91	133	0	1.26957428	10.4994439	10.4674487	10.4299902	10.5148199	0.0643036428	0.0423135365	0	65.8	0	0	0	3
92	134	0	1.28352565	10.5199158	10.4694527	10.4299902	10.5199158	0.0643036428	0.0423135365	0	65.8	0	0	0	3
93	136	0	1.29747701	10.501722	10.4702419	10.4299902	10.5199158	0.0628940069	0.0423135365	0	67.2	0	0	0	3
94	137	0	1.31142838	10.519612	10.4718114	10.4299902	10.5199158	0.0603833406	0.0423135365	0	70	0	0	0	3
95	138	0	1.32537975	10.5027099	10.4731539	10.4299902	10.5199158	0.0566295043	0.0423135365	0	74.7	0	0	0	3
96	140	0	1.33933111	10.5198669	10.4755531	10.4299902	10.5199158	0.0527097971	0.0423135365	0	80.2	0	0	0	3
97	141	0	1.35328248	10.5057584	10.4774305	10.4299902	10.5199158	0.0484337292	0.0423135365	0	87.3	0	0	0	3
98	143	0	1.36723384	10.5155867	10.4797409	10.4299902	10.5199158	0.0441068551	0.0423135365	0	95.9	0	0	0	3
99	144	0	1.38118521	10.4988304	10.4816079	10.4299902	10.5199158	0.0399624686	0.0423135365	0	100	0	0	0	3
100	145	0	1.39513658	10.511063	10.4838599	10.4323427	10.5199158	0.0360698265	0.0423135365	0	100	0	0	0	3
101	147	0	1.40908794	10.4963585	10.4856381	10.4369218	10.5199158	0.0324661892	0.0423135365	0	100	0	0	0	3
102	148	0	1.42303931	10.5031991	10.4874791	10.4415057	10.5199158	0.0294600831	0.0423135365	0	100	0	0	0	3
103	150	0	1.43699067	10.493637	10.4889272	10.4473211	10.5199158	0.0309081725	0.0423135365	0	100	0	0	0	3
104	151	0	1.45094204	10.5006699	10.4904091	10.4493275	10.5199158	0.032390083	0.0423135365	0	100	0	0	0	3
105	153	0	1.4648934	10.4925666	10.4916102	10.4560926	10.5199158	0.0335911688	0.0423135365	0	100	0	0	0	3
106	154	0	1.47884477	10.4973994	10.4927576	10.4594884	10.5199158	0.0347385819	0.0423135365	0	100	0	0	0	3
107	155	0	1.49279614	10.4893157	10.4935625	10.4594884	10.5199158	0.0355434374	0.0423135365	0	100	0	0	0	3
108	157	0	1.5067475	10.5037923	10.4945775	10.4594884	10.5199158	0.0365584601	0.0423135365	0	100	0	0	0	3
109	158	0	1.52069887	10.497359	10.4954008	10.4594884	10.5199158	0.037381735	0.0423135365	0	100	0	0	0	3
110	160	0	1.53465023	10.5086471	10.4964328	10.4594884	10.5199158	0.0384137306	0.0423135365	0	100	0	0	0	3
111	161	0	1.5486016	10.4981112	10.4973395	10.4594884	10.5199158	0.0393203999	0.0423135365	0	100	0	0	0	3
112	162	0	1.56255296	10.5118647	10.4987324	10.4594884	10.5199158	0.0407133633	0.0423135365	0	100	0	0	0	3
113	164	0	1.57650433	10.503392	10.499952	10.46179	10.5199158	0.0419329094	0.0423135365	0	100	0	0	0	3
114	165	0	1.5904557	10.5147451	10.5014229	10.4755537	10.5199158	0.0434038823	0.0423135365	0	97.4	0	0	0	3
115	166	0	1.60440706	10.5035853	10.5022016	10.4767876	10.5199158	0.0431282318	0.0423135365	0	98.1	0	0	0	3
116	168	0	1.61835843	10.5180777	10.5033485	10.4846151	10.5199158	0.0353007369	0.0423135365	0	100	0	0	0	3
117	169	0	1.63230979	10.5087786	10.5038843	10.4846151	10.5199158	0.0353007369	0.0423135365	0	100	0	0	0	3
118	170	0	1.64626116	10.5186408	10.5046779	10.4846151	10.5199158	0.0353007369	0.0423135365	0	100	0	0	0	3
119	172	0	1.66021252	10.507477	10.5053129	10.4893157	10.5199158	0.0306001767	0.0423135365	0	100	0	0	0	3
120	173	0	1.67416389	10.5193467	10.5057068	10.4893157	10.5199158	0.0306001767	0.0423135365	0	100	0	0	0	3
121	174	0	1.68811526	10.5085437	10.5062175	10.4893157	10.5199158	0.0306001767	0.0423135365	0	100	0	0	0	3
122	176	0	1.70206662	10.5171239	10.5064025	10.4893157	10.5199158	0.0306001767	0.0423135365	0	100	0	0	0	3
123	177	0	1.71601799	10.5082189	10.5067271	10.4893157	10.5199158	0.0306001767	0.0423135365	0	100	0	0	0	3
124	178	0	1.72996935	10.5154167	10.5067437	10.4893157	10.5199158	0.0306001767	0.0423135365	0	100	0	0	0	3
125	180	0	1.74392072	10.5076818	10.5070094	10.4893157	10.5199158	0.0306001767	0.0423135365	0	100	0	0	0	3
126	181	0	1.75787208	10.5189963	10.5071515	10.4893157	10.5199158	0.0306001767	0.0423135365	0	100	0	0	0	3
127	183	0	1.77182345	10.5073804	10.507372	10.4893157	10.5199158	0.0306001767	0.0423135365	0	100	0	0	0	3
128	184	0	1.78577482	10.5187888	10.5073406	10.4893157	10.5198669	0.0305512495	0.0423135365	0	100	0	0	0	3
129	185	0	1.79972618	10.5061473	10.5074636	10.4893157	10.5198669	0.0305512495	0.0423135365	0	100	0	0	0	3
130	187	0	1.81367755	10.5153181	10.5073443	10.4893157	10.5198669	0.0305512495	0.0423135365	0	100	0	0	0	3
131	188	0	1.82762891	10.5022027	10.5073302	10.4893157	10.5198669	0.0305512495	0.0423135365	0	100	0	0	0	3
132	189	0	1.84158028	10.5117286	10.5071041	10.4893157	10.5193467	0.0300310105	0.0423135365	0	100	0	0	0	3
133	191	0	1.85553164	10.499215	10.5069224	10.4893157	10.5193467	0.0277226296	0.0423135365	0	100	0	0	0	3
134	192	0	1.86948301	10.5117616	10.5068161	10.4893157	10.5193467	0.0258557141	0.0423135365	0	100	0	0	0	3
135	193	0	1.88343438	10.4977839	10.5067871	10.4893157	10.5193467	0.0236036902	0.0423135365	0	100	0	0	0	3
136	195	0	1.89738574	10.5119139	10.5068107	10.4893157	10.5193467	0.0218254733	0.0423135365	0	100	0	0	0	3
137	196	0	1.91133711	10.4979903	10.506856	10.4893157	10.5193467	0.0199844383	0.0423135365	0	100	0	0	0	3
138	197	0	1.92528847	10.5085726	10.5070053	10.4893157	10.5193467	0.0185363488	0.0423135365	0	100	0	0	0	3
139	199	0	1.93923984	10.4916918	10.5069512	10.4893157	10.5193467	0.0170544384	0.0423135365	0	100	0	0	0	3
140	200	0	1.95319121	10.4994738	10.506918	10.4893157	10.5193467	0.0158533526	0.0423135365	0	100	0	0	0	3
141	201	0	1.96714257	10.4924549	10.5069149	10.4893157	10.5193467	0.0147059394	0.0423135365	0	100	0	0	0	3
142	203	0	1.98109394	10.496083	10.5068784	10.4893157	10.5193467	0.0139010839	0.0423135365	0	100	0	0	0	3
143	204	0	1.9950453	10.482611	10.5066921	10.482611	10.5193467	0.0128860612	0.0423135365	0	100	0	0	0	3
144	206	0	2.00899667	10.486741	10.5062185	10.482611	10.5193467	0.0120627863	0.0423135365	0	100	0	0	0	3
145	207	0	2.02294803	10.48603	10.5059038	10.482611	10.5193467	0.0110307908	0.0423135365	0	100	0	0	0	3
146	208	0	2.0368994	10.4842927	10.5052273	10.482611	10.5193467	0.0101241215	0.0423135365	0	100	0	0	0	3
147	210	0	2.05085077	10.4858465	10.5048866	10.482611	10.5193467	0.00873115804	0.0423135365	0	100	0	0	0	3
148	211	0	2.06480213	10.4900052	10.5042794	10.482611	10.5193467	0.00751161197	0.0423135365	0	100	0	0	0	3
149	212	0	2.0787535	10.4794187	10.5036134	10.4794187	10.5193467	0.00604063907	0.0423135365	0	100	0	0	0	3
150	214	0	2.09270486	10.487364	10.5028529	10.4794187	10.5193467	0.00526198254	0.0423135365	0	100	0	0	0	3
151	215	0	2.10665623	10.4756827	10.5020778	10.4756827	10.5193467	0.00538578599	0.0423135365	0	100	0	0	0	3
152	216	0	2.12060759	10.4833475	10.5011131	10.4756827	10.5193467	0.00635051334	0.0423135365	0	100	0	0	0	3
153	218	0	2.13455896	10.4732616	10.5001265	10.4732616	10.5193467	0.00733709542	0.0423135365	0	100	0	0	0	3
154	219	0	2.14851033	10.4840273	10.499165	10.4732616	10.5193467	0.00829858191	0.0423135365	0	100	0	0	0	3
155	220	0	2.16246169	10.4790894	10.4983764	10.4732616	10.5193467	0.00908712754	0.0423135365	0	100	0	0	0	3
156	222	0	2.17641306	10.4907573	10.4975823	10.4732616	10.5189963	0.00988127527	0.0423135365	0	100	0	0	0	3
157	223	0	2.19036442	10.4860567	10.4969577	10.4732616	10.5189963	0.0105059136	0.0423135365	0	100	0	0	0	3
158	224	0	2.20431579	10.4975233	10.4964132	10.4732616	10.5189963	0.0110503753	0.0423135365	0	100	0	0	0	3
159	226	0	2.21826715	10.4883357	10.4958609	10.4732616	10.5189963	0.0116026841	0.0423135365	0	100	0	0	0	3
160	227	0	2.23221852	10.5000621	10.4954344	10.4732616	10.5189963	0.0120291999	0.0423135365	0	100	0	0	0	3
161	229	0	2.24616989	10.509352	10.4954808	10.4732616	10.5189963	0.0120291999	0.0423135365	0	100	0	0	0	3
162	230	0	2.26012125	10.504489	10.4950778	10.4732616	10.5187888	0.0123857848	0.0423135365	0	100	0	0	0	3
163	231	0	2.27407262	10.51444	10.4952739	10.4732616	10.5187888	0.0123857848	0.0423135365	0	100	0	0	0	3
164	233	0	2.28802398	10.513048	10.4951144	10.4732616	10.5153181	0.0123857848	0.0423135365	0	100	0	0	0	3
165	234	0	2.30197535	10.5196898	10.4954906	10.4732616	10.5196898	0.0122665079	0.0423135365	0	100	0	0	0	3
166	235	0	2.31592671	10.5151853	10.4954869	10.4732616	10.5196898	0.0122524189	0.0423135365	0	100	0	0	0	3
167	237	0	2.32987808	10.5211148	10.4960122	10.4732616	10.5211148	0.0120263537	0.0423135365	0	100	0	0	0	3
168	238	0	2.34382945	10.5140617	10.4960771	10.4732616	10.5211148	0.0119274931	0.0423135365	0	100	0	0	0	3
169	239	0	2.35778081	10.50434	10.4962194	10.4732616	10.5211148	0.0119274931	0.0423135365	0	100	0	0	0	3
170	241	0	2.37173218	10.5175136	10.4963792	10.4732616	10.5211148	0.0119274931	0.0423135365	0	100	0	0	0	3
171	242	0	2.38568354	10.5046361	10.4965695	10.4732616	10.5211148	0.0119274931	0.0423135365	0	100	0	0	0	3
172	243	0	2.39963491	10.5175904	10.4967272	10.4732616	10.5211148	0.0119274931	0.0423135365	0	100	0	0	0	3
173	245	0	2.41358627	10.5038212	10.4968892	10.4732616	10.5211148	0.0119274931	0.0423135365	0	100	0	0	0	3
174	246	0	2.42753764	10.5221185	10.4972655	10.4732616	10.5221185	0.0118734617	0.0423135365	0	100	0	0	0	3
175	248	0	2.44148901	10.5072215	10.4976968	10.4732616	10.5221185	0.0118402358	0.0423135365	0	100	0	0	0	3
176	249	0	2.45544037	10.5207141	10.4982869	10.4732616	10.5221185	0.0118371347	0.0423135365	0	100	0	0	0	3
177	250	0	2.46939174	10.5058184	10.4986581	10.4732616	10.5221185	0.0118005677	0.0423135365	0	100	0	0	0	3
178	252	0	2.4833431	10.5183922	10.4992778	10.4732616	10.5221185	0.0116143272	0.0423135365	0	100	0	0	0	3
179	253	0	2.49729447	10.5052408	10.4999064	10.4732616	10.5221185	0.0111406802	0.0423135365	0	100	0	0	0	3
180	254	0	2.51124584	10.5173644	10.500757	10.4732616	10.5221185	0.0108259864	0.0423135365	0	100	0	0	0	3
181	256	0	2.5251972	10.5050498	10.5012853	10.4732616	10.5221185	0.0101494741	0.0423135365	0	100	0	0	0	3
182	257	0	2.53914857	10.5225441	10.5023479	10.4732616	10.5225441	0.00980878749	0.0423135365	0	100	0	0	0	3
183	258	0	2.55309993	10.5087859	10.5029851	10.4732616	10.5225441	0.00920158032	0.0423135365	0	100	0	0	0	3
184	260	0	2.5670513	10.522881	10.5038983	10.4732616	10.522881	0.00882052105	0.0423135365	0	100	0	0	0	3
185	261	0	2.58100266	10.5095966	10.5047366	10.4732616	10.522881	0.00965879455	0.0423135365	0	100	0	0	0	3
186	263	0	2.59495403	10.5223525	10.5057085	10.4732616	10.522881	0.0106306968	0.0423135365	0	100	0	0	0	3
187	264	0	2.6089054	10.5075925	10.5065949	10.4732616	10.522881	0.0115170786	0.0423135365	0	100	0	0	0	3
188	265	0	2.62285676	10.5199999	10.507613	10.4732616	10.522881	0.012535201	0.0423135365	0	100	0	0	0	3
189	267	0	2.63680813	10.5081682	10.5085826	10.4790894	10.522881	0.0135048294	0.0423135365	0	100	0	0	0	3
190	268	0	2.65075949	10.5203809	10.5095924	10.4790894	10.522881	0.0145146538	0.0423135365	0	100	0	0	0	3
191	269	0	2.66471086	10.5075584	10.5103832	10.4860567	10.522881	0.0153054608	0.0423135365	0	100	0	0	0	3
192	271	0	2.67866222	10.5209696	10.5112225	10.4860567	10.522881	0.0161446902	0.0423135365	0	100	0	0	0	3
193	272	0	2.69261359	10.5069487	10.5118028	10.4883357	10.522881	0.0167250238	0.0423135365	0	100	0	0	0	3
194	274	0	2.70656496	10.5157486	10.5123091	10.4883357	10.522881	0.017231281	0.0423135365	0	100	0	0	0	3
195	275	0	2.72051632	10.5030669	10.5127183	10.5000621	10.522881	0.0176404792	0.0423135365	0	100	0	0	0	3
196	276	0	2.73446769	10.5201819	10.5132771	10.5030669	10.522881	0.0181993621	0.0423135365	0	100	0	0	0	3
197	278	0	2.74841905	10.5036724	10.5131194	10.5030669	10.522881	0.0181993621	0.0423135365	0	100	0	0	0	3
198	279	0	2.76237042	10.5157075	10.513431	10.5030669	10.522881	0.0183165883	0.0423135365	0	100	0	0	0	3
199	280	0	2.77632178	10.5005446	10.513045	10.5005446	10.522881	0.0183165883	0.0423135365	0	100	0	0	0	3
200	282	0	2.79027315	10.512	10.5130159	10.5005446	10.522881	0.0179440943	0.0423135365	0	100	0	0	0	3
201	283	0	2.80422452	10.4981641	10.512418	10.4981641	10.522881	0.0179440943	0.0423135365	0	100	0	0	0	3
202	285	0	2.81817588	10.511582	10.5123179	10.4981641	10.522881	0.0174187571	0.0423135365	0	100	0	0	0	3
203	286	0	2.83212725	10.4996551	10.5117218	10.4981641	10.522881	0.0173539476	0.0423135365	0	100	0	0	0	3
204	288	0	2.84607861	10.5148499	10.5117437	10.4981641	10.522881	0.0172115872	0.0423135365	0	100	0	0	0	3
205	289	0	2.86002998	10.4989063	10.5115927	10.4981641	10.522881	0.0170518068	0.0423135365	0	100	0	0	0	3
206	290	0	2.87398134	10.5116091	10.5114287	10.4981641	10.522881	0.0168614666	0.0423135365	0	100	0	0	0	3
207	292	0	2.88793271	10.4974948	10.5112304	10.4974948	10.522881	0.0167037862	0.0423135365	0	100	0	0	0	3
208	293	0	2.90188408	10.508861	10.5109879	10.4974948	10.522881	0.0165418146	0.0423135365	0	100	0	0	0	3
209	294	0	2.91583544	10.4942845	10.510723	10.4942845	10.522881	0.0161655401	0.0423135365	0	100	0	0	0	3
210	296	0	2.92978681	10.5056978	10.5102668	10.4942845	10.522881	0.0157341608	0.0423135365	0	100	0	0	0	3
211	297	0	2.94373817	10.491665	10.5098347	10.491665	10.522881	0.0151441509	0.0423135365	0	100	0	0	0	3
212	299	0	2.95768954	10.5025303	10.5093296	10.491665	10.522881	0.0147729423	0.0423135365	0	100	0	0	0	3
213	300	0	2.9716409	10.4846098	10.5087405	10.4846098	10.522881	0.0141532428	0.0423135365	0	100	0	0	0	3
214	301	0	2.98559227	10.4905466	10.507967	10.4846098	10.522881	0.0135246359	0.0423135365	0	100	0	0	0	3
215	303	0	2.99954364	10.484602	10.5073937	10.484602	10.522881	0.0126739837	0.0423135365	0	100	0	0	0	3
216	304	0	3.013495	10.4840975	10.5064696	10.4840975	10.522881	0.0121456571	0.0423135365	0	100	0	0	0	3
217	305	0	3.02744637	10.4686036	10.5054572	10.4686036	10.522881	0.0110831177	0.0423135365	0	100	0	0	0	3
218	307	0	3.04139773	10.4560958	10.5036114	10.4560958	10.522881	0.0104459137	0.0423135365	0	100	0	0	0	3
219	308	0	3.0553491	10.454647	10.5021076	10.454647	10.522881	0.0113234462	0.0423135365	0	100	0	0	0	3
220	310	0	3.06930047	10.4279859	10.4994716	10.4279859	10.5223525	0.0139594208	0.0423135365	0	100	0	0	0	3
221	311	0	3.08325183	10.4634083	10.4981886	10.4279859	10.5223525	0.0152424274	0.0423135365	0	100	0	0	0	3
222	312	0	3.0972032	10.4450562	10.4960415	10.4279859	10.5209696	0.0173895473	0.0423135365	0	100	0	0	0	3
223	314	0	3.11115456	10.4644593	10.4948433	10.4279859	10.5209696	0.0185876897	0.0423135365	0	100	0	0	0	3
224	315	0	3.12510593	10.4597221	10.4931689	10.4279859	10.5209696	0.0202620752	0.0423135365	0	100	0	0	0	3
225	316	0	3.13905729	10.4529803	10.4916359	10.4279859	10.5209696	0.0217950744	0.0423135365	0	100	0	0	0	3
226	318	0	3.15300866	10.45309	10.4897667	10.4279859	10.5209696	0.0236642666	0.0423135365	0	100	0	0	0	3
227	319	0	3.16696003	10.4576132	10.4883794	10.4279859	10.5209696	0.0250516331	0.0423135365	0	100	0	0	0	3
228	320	0	3.18091139	10.4444236	10.4862531	10.4279859	10.5201819	0.0271779112	0.0423135365	0	100	0	0	0	3
229	322	0	3.19486276	10.4469586	10.4845867	10.4279859	10.5201819	0.0288443022	0.0423135365	0	100	0	0	0	3
230	323	0	3.20881412	10.4561093	10.4829301	10.4279859	10.5201819	0.030500949	0.0423135365	0	100	0	0	0	3
231	325	0	3.22276549	10.4606275	10.4817512	10.4279859	10.5201819	0.0316798212	0.0423135365	0	100	0	0	0	3
232	326	0	3.23671685	10.4641396	10.4801945	10.4279859	10.5157075	0.0332365519	0.0423135365	0	100	0	0	0	3
233	327	0	3.25066822	10.4634134	10.4790762	10.4279859	10.5157075	0.034354856	0.0423135365	0	100	0	0	0	3
234	329	0	3.26461959	10.4665326	10.4777102	10.4279859	10.5148499	0.0353348392	0.0423135365	0	100	0	0	0	3
235	330	0	3.27857095	10.4730949	10.4769477	10.4279859	10.5148499	0.0360682188	0.0423135365	0	100	0	0	0	3
236	331	0	3.29252232	10.4759383	10.475946	10.4279859	10.5148499	0.0364719976	0.0423135365	0	100	0	0	0	3
237	333	0	3.30647368	10.481291	10.4754773	10.4279859	10.5148499	0.0368406038	0.0423135365	0	100	0	0	0	3
238	334	0	3.32042505	10.4712188	10.4743561	10.4279859	10.5148499	0.0373875963	0.0423135365	0	100	0	0	0	3
239	335	0	3.33437641	10.4719123	10.4735854	10.4279859	10.5148499	0.0381582306	0.0423135365	0	100	0	0	0	3
240	337	0	3.34832778	10.4633904	10.472156	10.4279859	10.5116091	0.0394367249	0.0423135365	0	100	0	0	0	3
241	338	0	3.36227915	10.4814956	10.4716724	10.4279859	10.5116091	0.039756339	0.0423135365	0	100	0	0	0	3
242	339	0	3.37623051	10.4747616	10.4706488	10.4279859	10.508861	0.0405815108	0.0423135365	0	100	0	0	0	3
243	341	0	3.39018188	10.487459	10.4703701	10.4279859	10.508861	0.0406178012	0.0423135365	0	100	0	0	0	3
244	342	0	3.40413324	10.4764486	10.4694697	10.4279859	10.5056978	0.0412532372	0.0423135365	0	100	0	0	0	3
245	344	0	3.41808461	10.4970349	10.4695461	10.4279859	10.5056978	0.0407971081	0.0423135365	0	100	0	0	0	3
246	345	0	3.43203597	10.4907936	10.4691321	10.4279859	10.5025303	0.0407025904	0.0423135365	0	100	0	0	0	3
247	346	0	3.44598734	10.5029974	10.4694469	10.4279859	10.5029974	0.0401974835	0.0423135365	0	100	0	0	0	3
248	348	0	3.45993871	10.4894123	10.4690825	10.4279859	10.5029974	0.0396579512	0.0423135365	0	100	0	0	0	3
249	349	0	3.47389007	10.4994523	10.4694948	10.4279859	10.5029974	0.0388844608	0.0423135365	0	100	0	0	0	3
250	350	0	3.48784144	10.4851297	10.4693443	10.4279859	10.5029974	0.038311161	0.0423135365	0	100	0	0	0	3
251	352	0	3.5017928	10.5003126	10.4697807	10.4279859	10.5029974	0.0373870785	0.0423135365	0	100	0	0	0	3
252	353	0	3.51574417	10.4872379	10.469868	10.4279859	10.5029974	0.0363746836	0.0423135365	0	100	0	0	0	3
253	354	0	3.52969553	10.5015334	10.4707827	10.4279859	10.5029974	0.0345288963	0.0423135365	0	100	0	0	0	3
254	356	0	3.5436469	10.4866594	10.4716317	10.4279859	10.5029974	0.0330250388	0.0423135365	0	100	0	0	0	3
255	357	0	3.55759827	10.4965677	10.4727962	10.4279859	10.5029974	0.0303890642	0.0423135365	0	100	0	0	0	3
256	358	0	3.57154963	10.4844956	10.4743659	10.4444236	10.5029974	0.0291060577	0.0423135365	0	100	0	0	0	3
257	360	0	3.585501	10.4968821	10.4752957	10.4444236	10.5029974	0.0269589378	0.0423135365	0	100	0	0	0	3
258	361	0	3.59945236	10.4842282	10.4763838	10.4444236	10.5029974	0.0257607954	0.0423135365	0	100	0	0	0	3
259	362	0	3.61340373	10.5000938	10.4773737	10.4444236	10.5029974	0.0240864099	0.0423135365	0	100	0	0	0	3
260	364	0	3.6273551	10.4866327	10.4781212	10.4444236	10.5029974	0.0225534107	0.0423135365	0	100	0	0	0	3
261	365	0	3.64130646	10.4990497	10.4794009	10.4444236	10.5029974	0.0206842185	0.0423135365	0	100	0	0	0	3
262	367	0	3.65525783	10.4831645	10.4802363	10.4444236	10.5029974	0.019296852	0.0423135365	0	100	0	0	0	3
263	368	0	3.66920919	10.4984086	10.4813695	10.4444236	10.5029974	0.0171705739	0.0423135365	0	100	0	0	0	3
264	369	0	3.68316056	10.4852342	10.4825031	10.4469586	10.5029974	0.0155041829	0.0423135365	0	100	0	0	0	3
265	371	0	3.69711192	10.4937138	10.4838019	10.4561093	10.5029974	0.0147193469	0.0423135365	0	100	0	0	0	3
266	372	0	3.71106329	10.4789341	10.4844359	10.4606275	10.5029974	0.0153533709	0.0423135365	0	100	0	0	0	3
267	373	0	3.72501466	10.4894742	10.4852372	10.4633904	10.5029974	0.01615467	0.0423135365	0	100	0	0	0	3
268	375	0	3.73896602	10.4752876	10.4855469	10.4633904	10.5029974	0.0164643356	0.0423135365	0	100	0	0	0	3
269	376	0	3.75291739	10.4858694	10.4861706	10.4633904	10.5029974	0.0170881118	0.0423135365	0	100	0	0	0	3
270	378	0	3.76686875	10.4757559	10.4864268	10.4633904	10.5029974	0.0173443136	0.0423135365	0	100	0	0	0	3
271	379	0	3.78082012	10.4864268	10.4867972	10.4633904	10.5029974	0.017714644	0.0423135365	0	100	0	0	0	3
272	380	0	3.79477148	10.4778255	10.4868496	10.4633904	10.5029974	0.0177670661	0.0423135365	0	100	0	0	0	3
273	382	0	3.80872285	10.4873042	10.4870166	10.4633904	10.5029974	0.0179340987	0.0423135365	0	100	0	0	0	3
274	383	0	3.82267422	10.4786292	10.4872225	10.4633904	10.5029974	0.0181399437	0.0423135365	0	100	0	0	0	3
275	384	0	3.83662558	10.4877863	10.4876634	10.4633904	10.5029974	0.0185808869	0.0423135365	0	100	0	0	0	3
276	386	0	3.85057695	10.4796696	10.4881156	10.4747616	10.5029974	0.0190330867	0.0423135365	0	100	0	0	0	3
277	387	0	3.86452831	10.4877345	10.4882889	10.4747616	10.5029974	0.0192063887	0.0423135365	0	100	0	0	0	3
278	388	0	3.87847968	10.4801452	10.4884385	10.4752876	10.5029974	0.019355932	0.0423135365	0	100	0	0	0	3
279	390	0	3.89243104	10.4877758	10.4884473	10.4752876	10.5029974	0.0193647338	0.0423135365	0	100	0	0	0	3
280	391	0	3.90638241	10.4812394	10.4885803	10.4752876	10.5029974	0.0194978112	0.0423135365	0	100	0	0	0	3
281	392	0	3.92033378	10.490608	10.4884018	10.4752876	10.5029974	0.0194978112	0.0423135365	0	100	0	0	0	3
282	394	0	3.93428514	10.4814316	10.4881418	10.4752876	10.5029974	0.0194978112	0.0423135365	0	100	0	0	0	3
283	395	0	3.94823651	10.4897732	10.4877744	10.4752876	10.5015334	0.0194978112	0.0423135365	0	100	0	0	0	3
284	397	0	3.96218787	10.4793348	10.4874945	10.4752876	10.5015334	0.0192359873	0.0423135365	0	100	0	0	0	3
285	398	0	3.97613924	10.4864133	10.4871323	10.4752876	10.5015334	0.0192359873	0.0423135365	0	100	0	0	0	3
286	399	0	3.9900906	10.4770459	10.4869077	10.4752876	10.5015334	0.0187995828	0.0423135365	0	100	0	0	0	3
287	401	0	4.00404197	10.4841335	10.4864583	10.4752876	10.5015334	0.0187123493	0.0423135365	0	100	0	0	0	3
