Iteration	CPUTime	PhysTime	Travels
1	8	0	0.0139513658
2	10	0	0.0279027315
3	11	0	0.0418540973
4	13	0	0.055805463
5	14	0	0.0697568288
6	16	0	0.0837081945
7	17	0	0.0976595603
8	18	0	0.111610926
9	20	0	0.125562292
10	21	0	0.139513658
11	22	0	0.153465023
12	23	0	0.167416389
13	25	0	0.181367755
14	26	0	0.195319121
15	27	0	0.209270486
16	29	0	0.223221852
17	30	0	0.237173218
18	32	0	0.251124584
19	33	0	0.265075949
20	34	0	0.279027315
21	36	0	0.292978681
22	37	0	0.306930047
23	38	0	0.320881412
24	40	0	0.334832778
25	41	0	0.348784144
26	43	0	0.36273551
27	44	0	0.376686875
28	45	0	0.390638241
29	47	0	0.404589607
30	48	0	0.418540973
31	50	0	0.432492338
32	51	0	0.446443704
33	52	0	0.46039507
34	54	0	0.474346436
35	55	0	0.488297801
36	57	0	0.502249167
37	58	0	0.516200533
38	60	0	0.530151899
39	61	0	0.544103264
40	63	0	0.55805463
41	64	0	0.572005996
42	65	0	0.585957362
43	67	0	0.599908727
44	68	0	0.613860093
45	70	0	0.627811459
46	71	0	0.641762825
47	72	0	0.65571419
48	74	0	0.669665556
49	75	0	0.683616922
50	77	0	0.697568288
51	78	0	0.711519653
52	79	0	0.725471019
53	81	0	0.739422385
54	82	0	0.753373751
55	83	0	0.767325116
56	85	0	0.781276482
57	86	0	0.795227848
58	88	0	0.809179214
59	89	0	0.823130579
60	90	0	0.837081945
61	92	0	0.851033311
62	93	0	0.864984677
63	95	0	0.878936042
64	96	0	0.892887408
65	97	0	0.906838774
66	99	0	0.92079014
67	100	0	0.934741505
68	101	0	0.948692871
69	103	0	0.962644237
70	104	0	0.976595603
71	106	0	0.990546968
72	107	0	1.00449833
73	108	0	1.0184497
74	110	0	1.03240107
75	111	0	1.04635243
76	112	0	1.0603038
77	114	0	1.07425516
78	115	0	1.08820653
79	117	0	1.10215789
80	118	0	1.11610926
81	119	0	1.13006063
82	121	0	1.14401199
83	122	0	1.15796336
84	123	0	1.17191472
85	125	0	1.18586609
86	126	0	1.19981745
87	128	0	1.21376882
88	129	0	1.22772019
89	130	0	1.24167155
90	132	0	1.25562292
91	133	0	1.26957428
92	134	0	1.28352565
93	136	0	1.29747701
94	137	0	1.31142838
95	138	0	1.32537975
96	140	0	1.33933111
97	141	0	1.35328248
98	143	0	1.36723384
99	144	0	1.38118521
100	145	0	1.39513658
101	147	0	1.40908794
102	148	0	1.42303931
103	150	0	1.43699067
104	151	0	1.45094204
105	153	0	1.4648934
106	154	0	1.47884477
107	155	0	1.49279614
108	157	0	1.5067475
109	158	0	1.52069887
110	160	0	1.53465023
111	161	0	1.5486016
112	162	0	1.56255296
113	164	0	1.57650433
114	165	0	1.5904557
115	166	0	1.60440706
116	168	0	1.61835843
117	169	0	1.63230979
118	170	0	1.64626116
119	172	0	1.66021252
120	173	0	1.67416389
121	174	0	1.68811526
122	176	0	1.70206662
123	177	0	1.71601799
124	178	0	1.72996935
125	180	0	1.74392072
126	181	0	1.75787208
127	183	0	1.77182345
128	184	0	1.78577482
129	185	0	1.79972618
130	187	0	1.81367755
131	188	0	1.82762891
132	189	0	1.84158028
133	191	0	1.85553164
134	192	0	1.86948301
135	193	0	1.88343438
136	195	0	1.89738574
137	196	0	1.91133711
138	197	0	1.92528847
139	199	0	1.93923984
140	200	0	1.95319121
141	201	0	1.96714257
142	203	0	1.98109394
143	204	0	1.9950453
144	206	0	2.00899667
145	207	0	2.02294803
146	208	0	2.0368994
147	210	0	2.05085077
148	211	0	2.06480213
149	212	0	2.0787535
150	214	0	2.09270486
151	215	0	2.10665623
152	216	0	2.12060759
153	218	0	2.13455896
154	219	0	2.14851033
155	220	0	2.16246169
156	222	0	2.17641306
157	223	0	2.19036442
158	224	0	2.20431579
159	226	0	2.21826715
160	227	0	2.23221852
161	229	0	2.24616989
162	230	0	2.26012125
163	231	0	2.27407262
164	233	0	2.28802398
165	234	0	2.30197535
166	235	0	2.31592671
167	237	0	2.32987808
168	238	0	2.34382945
169	239	0	2.35778081
170	241	0	2.37173218
171	242	0	2.38568354
172	243	0	2.39963491
173	245	0	2.41358627
174	246	0	2.42753764
175	248	0	2.44148901
176	249	0	2.45544037
177	250	0	2.46939174
178	252	0	2.4833431
179	253	0	2.49729447
180	254	0	2.51124584
181	256	0	2.5251972
182	257	0	2.53914857
183	258	0	2.55309993
184	260	0	2.5670513
185	261	0	2.58100266
186	263	0	2.59495403
187	264	0	2.6089054
188	265	0	2.62285676
189	267	0	2.63680813
190	268	0	2.65075949
191	269	0	2.66471086
192	271	0	2.67866222
193	272	0	2.69261359
194	274	0	2.70656496
195	275	0	2.72051632
196	276	0	2.73446769
197	278	0	2.74841905
198	279	0	2.76237042
199	280	0	2.77632178
200	282	0	2.79027315
201	283	0	2.80422452
202	285	0	2.81817588
203	286	0	2.83212725
204	288	0	2.84607861
205	289	0	2.86002998
206	290	0	2.87398134
207	292	0	2.88793271
208	293	0	2.90188408
209	294	0	2.91583544
210	296	0	2.92978681
211	297	0	2.94373817
212	299	0	2.95768954
213	300	0	2.9716409
214	301	0	2.98559227
215	303	0	2.99954364
216	304	0	3.013495
217	305	0	3.02744637
218	307	0	3.04139773
219	308	0	3.0553491
220	310	0	3.06930047
221	311	0	3.08325183
222	312	0	3.0972032
223	314	0	3.11115456
224	315	0	3.12510593
225	316	0	3.13905729
226	318	0	3.15300866
227	319	0	3.16696003
228	320	0	3.18091139
229	322	0	3.19486276
230	323	0	3.20881412
231	325	0	3.22276549
232	326	0	3.23671685
233	327	0	3.25066822
234	329	0	3.26461959
235	330	0	3.27857095
236	331	0	3.29252232
237	333	0	3.30647368
238	334	0	3.32042505
239	335	0	3.33437641
240	337	0	3.34832778
241	338	0	3.36227915
242	339	0	3.37623051
243	341	0	3.39018188
244	342	0	3.40413324
245	344	0	3.41808461
246	345	0	3.43203597
247	346	0	3.44598734
248	348	0	3.45993871
249	349	0	3.47389007
250	350	0	3.48784144
251	352	0	3.5017928
252	353	0	3.51574417
253	354	0	3.52969553
254	356	0	3.5436469
255	357	0	3.55759827
256	358	0	3.57154963
257	360	0	3.585501
258	361	0	3.59945236
259	362	0	3.61340373
260	364	0	3.6273551
261	365	0	3.64130646
262	367	0	3.65525783
263	368	0	3.66920919
264	369	0	3.68316056
265	371	0	3.69711192
266	372	0	3.71106329
267	373	0	3.72501466
268	375	0	3.73896602
269	376	0	3.75291739
270	378	0	3.76686875
271	379	0	3.78082012
272	380	0	3.79477148
273	382	0	3.80872285
274	383	0	3.82267422
275	384	0	3.83662558
276	386	0	3.85057695
277	387	0	3.86452831
278	388	0	3.87847968
279	390	0	3.89243104
280	391	0	3.90638241
281	392	0	3.92033378
282	394	0	3.93428514
283	395	0	3.94823651
284	397	0	3.96218787
285	398	0	3.97613924
286	399	0	3.9900906
287	401	0	4.00404197
