Iteration	CPUTime	PhysTime	Travels	Value	AvValue	MinValue	MaxValue	Delta	Criteria	Progress	dGMaxMin	CriteriaType	CriteriaVarType	CriteriaPercentage
1	8	0	0.0139513658	293.200062	293.200062	293.200062	293.200062	0	0	0	0	0.146531	0	0	3
2	10	0	0.0279027315	293.200064	293.200063	293.200062	293.200064	1.22400394e-06	0	0	0	0.145593	0	0	3
3	11	0	0.0418540973	293.200066	293.200064	293.200062	293.200066	2.30136004e-06	0	0	0	0.131673	0	0	3
4	13	0	0.055805463	293.200068	293.200065	293.200062	293.200068	3.28375768e-06	0	0	0	0.118669	0	0	3
5	14	0	0.0697568288	293.20007	293.200066	293.200062	293.20007	4.27806975e-06	0	0	0	0.110888	0	0	3
6	16	0	0.0837081945	293.200073	293.200067	293.200062	293.200073	5.40467687e-06	0	0	0	0.10176	0	0	3
7	17	0	0.0976595603	293.200076	293.200069	293.200062	293.200076	6.6415659e-06	0	0	0	0.096111	0	0	3
8	18	0	0.111610926	293.200079	293.20007	293.200062	293.200079	7.94813917e-06	0	0	0	0.0978934	0	0	3
9	20	0	0.125562292	293.200082	293.200071	293.200062	293.200082	9.28967933e-06	0	0	0	0.0978523	0	0	3
10	21	0	0.139513658	293.200085	293.200073	293.200062	293.200085	1.06479642e-05	0	0	0	0.0959659	0	0	3
11	22	0	0.153465023	293.200089	293.200074	293.200062	293.200089	1.21647075e-05	0	0	0	0.0909478	0	0	3
12	23	0	0.167416389	293.200094	293.200076	293.200062	293.200094	1.37802234e-05	0	0	0	0.0902445	0	0	3
13	25	0	0.181367755	293.200098	293.200077	293.200062	293.200098	1.54605245e-05	0	0	0	0.0906244	0	0	3
14	26	0	0.195319121	293.200101	293.200079	293.200062	293.200101	1.71714041e-05	0	0	0	0.0890168	0	0	3
15	27	0	0.209270486	293.200105	293.200081	293.200062	293.200105	1.88935931e-05	0	0	0	0.0901348	0	0	3
16	29	0	0.223221852	293.20011	293.200083	293.200062	293.20011	2.07127525e-05	0	0	0	0.0879467	0	0	3
17	30	0	0.237173218	293.200114	293.200085	293.200062	293.200114	2.25785859e-05	0	0	0	0.0870626	0	0	3
18	32	0	0.251124584	293.200118	293.200086	293.200062	293.200118	2.44489353e-05	0	0	0	0.0853045	0	0	3
19	33	0	0.265075949	293.200121	293.200088	293.200062	293.200121	2.62841868e-05	0	0	0	0.0841026	0	0	3
20	34	0	0.279027315	293.200124	293.20009	293.200062	293.200124	2.80567961e-05	0	0	0	0.0827656	0	0	3
21	36	0	0.292978681	293.200126	293.200092	293.200062	293.200126	2.97608284e-05	0	0	0	0.0824114	0	0	3
22	37	0	0.306930047	293.200126	293.200093	293.200062	293.200126	3.13358418e-05	0	0	0	0.0819164	0	0	3
23	38	0	0.320881412	293.200126	293.200095	293.200062	293.200126	3.27393882e-05	0	0	0	0.0821633	0	0	3
24	40	0	0.334832778	293.200124	293.200096	293.200062	293.200126	3.3949303e-05	0	0	0	0.081736	0	0	3
25	41	0	0.348784144	293.200121	293.200097	293.200062	293.200126	3.49560062e-05	0	0	0	0.0818875	0	0	3
26	43	0	0.36273551	293.200116	293.200098	293.200062	293.200126	3.56949749e-05	0	0	0	0.0814306	0	0	3
27	44	0	0.376686875	293.200111	293.200098	293.200062	293.200126	3.6188986e-05	0	0	0	0.081696	0	0	3
28	45	0	0.390638241	293.200106	293.200099	293.200062	293.200126	3.64758454e-05	0	0	0	0.0812024	0	0	3
29	47	0	0.404589607	293.200102	293.200099	293.200062	293.200126	3.66108851e-05	0	0	0	0.0814212	0	0	3
30	48	0	0.418540973	293.2001	293.200099	293.200062	293.200126	3.66417065e-05	0	0	0	0.0810026	0	0	3
31	50	0	0.432492338	293.200098	293.200099	293.200062	293.200126	3.66417065e-05	0	0	0	0.0812998	0	0	3
32	51	0	0.446443704	293.200102	293.200099	293.200062	293.200126	3.67282248e-05	0	0	0	0.0807078	0	0	3
33	52	0	0.46039507	293.200107	293.200099	293.200062	293.200126	3.6978385e-05	0	0	0	0.0810537	0	0	3
34	54	0	0.474346436	293.200113	293.200099	293.200062	293.200126	3.73865496e-05	0	0	0	0.0803544	0	0	3
35	55	0	0.488297801	293.200118	293.2001	293.200062	293.200126	3.79274686e-05	0	0	0	0.0809646	0	0	3
36	57	0	0.502249167	293.200125	293.200101	293.200062	293.200126	3.86100368e-05	0	0	0	0.0800184	0	0	3
37	58	0	0.516200533	293.20013	293.200103	293.200064	293.20013	3.92867614e-05	0	0	0	0.0809552	0	0	3
38	60	0	0.530151899	293.200135	293.200104	293.200066	293.200135	4.01556318e-05	0	0	0	0.0794507	0	0	3
39	61	0	0.544103264	293.200139	293.200107	293.200068	293.200139	4.11909707e-05	0	0	0	0.0808938	0	0	3
40	63	0	0.55805463	293.200143	293.200109	293.20007	293.200143	4.22627651e-05	0	0	0	0.0792959	0	0	3
41	64	0	0.572005996	293.200146	293.200111	293.200073	293.200146	4.3243809e-05	0	0	0	0.0807941	0	0	3
42	65	0	0.585957362	293.200149	293.200113	293.200076	293.200149	4.4108913e-05	0	0	0	0.07909	0	0	3
43	67	0	0.599908727	293.20015	293.200115	293.200079	293.20015	4.48416921e-05	0	0	0	0.0809757	0	0	3
44	68	0	0.613860093	293.20015	293.200117	293.200082	293.20015	4.54632514e-05	0	0	0	0.0789636	0	0	3
45	70	0	0.627811459	293.20015	293.200119	293.200085	293.20015	4.59924746e-05	0	0	0	0.0804353	0	0	3
46	71	0	0.641762825	293.200149	293.20012	293.200089	293.20015	4.62581162e-05	0	0	0	0.0790851	0	0	3
47	72	0	0.65571419	293.20015	293.200122	293.200094	293.20015	4.63157716e-05	0	0	0	0.0807892	0	0	3
48	74	0	0.669665556	293.20015	293.200124	293.200098	293.20015	4.62052556e-05	0	0	0	0.0796837	0	0	3
49	75	0	0.683616922	293.200151	293.200125	293.200098	293.200151	4.59767521e-05	0	0	0	0.0794336	0	0	3
50	77	0	0.697568288	293.200151	293.200127	293.200098	293.200151	4.56423625e-05	0	0	0	0.0803396	0	0	3
51	78	0	0.711519653	293.200152	293.200128	293.200098	293.200152	4.51218989e-05	0	0	0	0.0792507	0	0	3
52	79	0	0.725471019	293.200151	293.200129	293.200098	293.200152	4.4401588e-05	0	0	0	0.0805613	0	0	3
53	81	0	0.739422385	293.200152	293.20013	293.200098	293.200152	4.35605681e-05	0	0	0	0.0793369	0	0	3
54	82	0	0.753373751	293.200152	293.200131	293.200098	293.200152	4.2649213e-05	0	0	0	0.0808068	0	0	3
55	83	0	0.767325116	293.200152	293.200132	293.200098	293.200152	4.17413612e-05	0	0	0	0.0797996	0	0	3
56	85	0	0.781276482	293.200153	293.200133	293.200098	293.200153	4.08468067e-05	0	0	0	0.0805629	0	0	3
57	86	0	0.795227848	293.200154	293.200133	293.200098	293.200154	4.00533798e-05	0	0	0	0.0792496	0	0	3
58	88	0	0.809179214	293.200154	293.200134	293.200098	293.200154	3.94225501e-05	0	0	0	0.0807987	0	0	3
59	89	0	0.823130579	293.200155	293.200135	293.200098	293.200155	3.90264268e-05	0	0	0	0.0802584	0	0	3
60	90	0	0.837081945	293.200155	293.200136	293.200098	293.200155	3.88791691e-05	0	0	0	0.0800467	0	0	3
61	92	0	0.851033311	293.200155	293.200137	293.200098	293.200155	3.90860036e-05	0	0	0	0.0793257	0	0	3
62	93	0	0.864984677	293.200155	293.200138	293.200098	293.200155	3.96716063e-05	0	0	0	0.0796292	0	0	3
63	95	0	0.878936042	293.200155	293.200139	293.200098	293.200155	4.06165258e-05	0	0	0	0.0795517	0	0	3
64	96	0	0.892887408	293.200155	293.20014	293.200098	293.200155	4.18435545e-05	0	0	0	0.0797006	0	0	3
65	97	0	0.906838774	293.200155	293.200142	293.200098	293.200155	4.32891737e-05	0	0	0	0.0795201	0	0	3
66	99	0	0.92079014	293.200155	293.200143	293.200098	293.200155	4.48246197e-05	0	0	0	0.0797471	0	0	3
67	100	0	0.934741505	293.200154	293.200145	293.200102	293.200155	4.6283789e-05	0	0	0	0.0791105	0	0	3
68	101	0	0.948692871	293.200154	293.200146	293.200107	293.200155	4.7474912e-05	0	0	0	0.0799059	0	0	3
69	103	0	0.962644237	293.200153	293.200148	293.200113	293.200155	4.25213282e-05	0	0	0	0.0794345	0	0	3
70	104	0	0.976595603	293.200153	293.200149	293.200118	293.200155	3.70585993e-05	0	0	0	0.0800249	0	0	3
71	106	0	0.990546968	293.200153	293.20015	293.200125	293.200155	3.0877387e-05	0	0	0	0.0793904	0	0	3
72	107	0	1.00449833	293.200152	293.200151	293.20013	293.200155	2.4951087e-05	2.93200152e-06	0	0	0.0799295	0	0	3
73	108	0	1.0184497	293.200151	293.200151	293.200135	293.200155	2.08651529e-05	2.93200151e-06	0	0	0.0792282	0	0	3
74	110	0	1.03240107	293.20015	293.200152	293.200139	293.200155	1.62827224e-05	2.9320015e-06	0	0	0.0798706	0	0	3
75	111	0	1.04635243	293.20015	293.200152	293.200143	293.200155	1.27665286e-05	2.9320015e-06	0	0	0.0793335	0	0	3
76	112	0	1.0603038	293.200149	293.200152	293.200146	293.200155	9.24655546e-06	2.93200149e-06	0	0	0.0798069	0	0	3
77	114	0	1.07425516	293.200148	293.200152	293.200148	293.200155	7.12334861e-06	2.93200148e-06	0	0	0.0792822	0	0	3
78	115	0	1.08820653	293.200148	293.200152	293.200148	293.200155	7.62463986e-06	2.93200148e-06	0	0	0.0794639	0	0	3
79	117	0	1.10215789	293.200148	293.200152	293.200148	293.200155	7.70998645e-06	2.93200148e-06	0	0	0.0796494	0	0	3
80	118	0	1.11610926	293.200147	293.200152	293.200147	293.200155	7.94167192e-06	2.93200147e-06	0	0	0.0797148	0	0	3
81	119	0	1.13006063	293.200147	293.200152	293.200147	293.200155	8.11277647e-06	2.93200147e-06	0	0	0.0796959	0	0	3
82	121	0	1.14401199	293.200147	293.200152	293.200147	293.200155	8.20479056e-06	2.93200147e-06	0	0	0.0797959	0	0	3
83	122	0	1.15796336	293.200147	293.200152	293.200147	293.200155	8.39935421e-06	2.93200147e-06	0	0	0.0795969	0	0	3
84	123	0	1.17191472	293.200146	293.200152	293.200146	293.200155	8.96967737e-06	2.93200146e-06	0	0	0.0796816	0	0	3
85	125	0	1.18586609	293.200146	293.200152	293.200146	293.200155	9.41559182e-06	2.93200146e-06	0	0	0.0796359	0	0	3
86	126	0	1.19981745	293.200146	293.200151	293.200146	293.200155	9.77657623e-06	2.93200146e-06	0	0	0.0796728	0	0	3
87	128	0	1.21376882	293.200145	293.200151	293.200145	293.200155	1.01019246e-05	2.93200145e-06	0	0	0.0795767	0	0	3
88	129	0	1.22772019	293.200145	293.200151	293.200145	293.200155	1.04453508e-05	2.93200145e-06	0	0	0.0796844	0	0	3
89	130	0	1.24167155	293.200145	293.200151	293.200145	293.200155	1.0782931e-05	2.93200145e-06	0	0	0.0795551	0	0	3
90	132	0	1.25562292	293.200144	293.200151	293.200144	293.200155	1.09988344e-05	2.93200144e-06	0	0	0.0796427	0	0	3
91	133	0	1.26957428	293.200144	293.20015	293.200144	293.200155	1.10779436e-05	2.93200144e-06	0	0	0.0797787	0	0	3
92	134	0	1.28352565	293.200144	293.20015	293.200144	293.200155	1.10779436e-05	2.93200144e-06	0	0	0.0796428	0	0	3
93	136	0	1.29747701	293.200145	293.20015	293.200144	293.200155	1.10779436e-05	2.93200145e-06	0	0	0.0796206	0	0	3
94	137	0	1.31142838	293.200145	293.20015	293.200144	293.200155	1.10779436e-05	2.93200145e-06	0	0	0.0796456	0	0	3
95	138	0	1.32537975	293.200144	293.200149	293.200144	293.200155	1.10779436e-05	2.93200144e-06	0	0	0.0796779	0	0	3
96	140	0	1.33933111	293.200144	293.200149	293.200144	293.200155	1.10779436e-05	2.93200144e-06	0	0	0.0795493	0	0	3
97	141	0	1.35328248	293.200144	293.200149	293.200144	293.200155	1.12387674e-05	2.93200144e-06	0	0	0.0796218	0	0	3
98	143	0	1.36723384	293.200144	293.200148	293.200144	293.200155	1.13168828e-05	2.93200144e-06	0	0	0.0795417	0	0	3
99	144	0	1.38118521	293.200144	293.200148	293.200144	293.200155	1.13752512e-05	2.93200144e-06	0	0	0.0796016	0	0	3
100	145	0	1.39513658	293.200144	293.200148	293.200144	293.200155	1.01723571e-05	2.93200144e-06	0	0	0.0795404	0	0	3
101	147	0	1.40908794	293.200144	293.200147	293.200144	293.200155	8.63691105e-06	2.93200144e-06	0	0	0.0795845	0	0	3
102	148	0	1.42303931	293.200143	293.200147	293.200143	293.200154	7.08535902e-06	2.93200143e-06	0	0	0.0795105	0	0	3
103	150	0	1.43699067	293.200143	293.200147	293.200143	293.200154	5.64407583e-06	2.93200143e-06	0	0	0.079609	0	0	3
104	151	0	1.45094204	293.200143	293.200147	293.200143	293.200153	5.52801129e-06	2.93200143e-06	0	0	0.0795401	0	0	3
105	153	0	1.4648934	293.200143	293.200146	293.200143	293.200153	5.80298558e-06	2.93200143e-06	0	0	0.0795957	0	0	3
106	154	0	1.47884477	293.200143	293.200146	293.200143	293.200153	6.06657937e-06	2.93200143e-06	0	0	0.0795597	0	0	3
107	155	0	1.49279614	293.200144	293.200146	293.200143	293.200152	6.31671037e-06	2.93200144e-06	0	0	0.0796398	0	0	3
108	157	0	1.5067475	293.200144	293.200146	293.200143	293.200151	6.54645612e-06	2.93200144e-06	0	0	0.0794462	0	0	3
109	158	0	1.52069887	293.200144	293.200145	293.200143	293.20015	6.75775686e-06	2.93200144e-06	0	0	0.0796225	0	0	3
110	160	0	1.53465023	293.200144	293.200145	293.200143	293.20015	6.14835051e-06	2.93200144e-06	0	0	0.0793919	0	0	3
111	161	0	1.5486016	293.200144	293.200145	293.200143	293.200149	5.20147125e-06	2.93200144e-06	0	0	0.0796563	0	0	3
112	162	0	1.56255296	293.200143	293.200145	293.200143	293.200148	4.92595439e-06	2.93200143e-06	0	0	0.0794325	0	0	3
113	164	0	1.57650433	293.200143	293.200145	293.200143	293.200148	4.51898052e-06	2.93200143e-06	0	0	0.0796274	0	0	3
114	165	0	1.5904557	293.200143	293.200145	293.200143	293.200148	4.6754422e-06	2.93200143e-06	0	0	0.0793752	0	0	3
115	166	0	1.60440706	293.200143	293.200144	293.200143	293.200147	4.60642701e-06	2.93200143e-06	0	0	0.0796604	0	0	3
116	168	0	1.61835843	293.200143	293.200144	293.200143	293.200147	4.70343258e-06	2.93200143e-06	0	0	0.0793941	0	0	3
117	169	0	1.63230979	293.200143	293.200144	293.200143	293.200147	4.65431674e-06	2.93200143e-06	0	0	0.0796277	0	0	3
118	170	0	1.64626116	293.200142	293.200144	293.200142	293.200147	4.54701802e-06	2.93200142e-06	0	0	0.0793573	0	0	3
119	172	0	1.66021252	293.200142	293.200144	293.200142	293.200146	3.988196e-06	2.93200142e-06	0	0	0.0796589	0	0	3
120	173	0	1.67416389	293.200142	293.200144	293.200142	293.200146	3.7959303e-06	2.93200142e-06	0	0	0.0793659	0	0	3
121	174	0	1.68811526	293.200142	293.200144	293.200142	293.200146	3.44475262e-06	2.93200142e-06	0	0	0.0796319	0	0	3
122	176	0	1.70206662	293.200142	293.200144	293.200142	293.200145	3.14137503e-06	2.93200142e-06	0	0	0.0793959	0	0	3
123	177	0	1.71601799	293.200142	293.200144	293.200142	293.200145	2.79794881e-06	2.93200142e-06	0	0	0.0796622	0	0	3
124	178	0	1.72996935	293.200142	293.200143	293.200142	293.200145	2.50285507e-06	2.93200142e-06	0	0	0.0794509	0	0	3
125	180	0	1.74392072	293.200143	293.200143	293.200142	293.200145	2.50285507e-06	2.93200143e-06	0	0	0.0796127	0	0	3
126	181	0	1.75787208	293.200143	293.200143	293.200142	293.200145	2.50285507e-06	2.93200143e-06	0	0	0.0794084	0	0	3
127	183	0	1.77182345	293.200143	293.200143	293.200142	293.200145	2.50285507e-06	2.93200143e-06	0	0	0.0797108	0	0	3
128	184	0	1.78577482	293.200143	293.200143	293.200142	293.200145	2.50285507e-06	2.93200143e-06	0	0	0.0793978	0	0	3
129	185	0	1.79972618	293.200143	293.200143	293.200142	293.200145	2.50285507e-06	2.93200143e-06	0	0	0.0795948	0	0	3
130	187	0	1.81367755	293.200142	293.200143	293.200142	293.200144	2.33427278e-06	2.93200142e-06	0	0	0.0793643	0	0	3
131	188	0	1.82762891	293.200142	293.200143	293.200142	293.200144	2.22351838e-06	2.93200142e-06	0	0	0.0797038	0	0	3
132	189	0	1.84158028	293.200142	293.200143	293.200142	293.200144	2.00453223e-06	2.93200142e-06	0	0	0.0794095	0	0	3
133	191	0	1.85553164	293.200142	293.200143	293.200142	293.200144	1.93768909e-06	2.93200142e-06	0	0	0.0795791	0	0	3
134	192	0	1.86948301	293.200142	293.200143	293.200142	293.200144	1.96842598e-06	2.93200142e-06	0	0	0.0796102	0	0	3
135	193	0	1.88343438	293.200142	293.200143	293.200142	293.200144	1.93380475e-06	2.93200142e-06	0	0	0.0796356	0	0	3
136	195	0	1.89738574	293.200142	293.200143	293.200142	293.200144	1.8381669e-06	2.93200142e-06	0	0	0.0800208	0	0	3
137	196	0	1.91133711	293.200142	293.200143	293.200142	293.200144	1.8381669e-06	2.93200142e-06	0	0	0.0795963	0	0	3
138	197	0	1.92528847	293.200142	293.200143	293.200142	293.200144	1.8381669e-06	2.93200142e-06	0	0	0.0799199	0	0	3
139	199	0	1.93923984	293.200142	293.200143	293.200142	293.200144	1.8381669e-06	2.93200142e-06	0	0	0.0796482	0	0	3
140	200	0	1.95319121	293.200142	293.200143	293.200142	293.200144	1.8381669e-06	2.93200142e-06	0	0	0.0797169	0	0	3
141	201	0	1.96714257	293.200142	293.200143	293.200142	293.200144	1.86471232e-06	2.93200142e-06	0	0	0.0796006	0	0	3
142	203	0	1.98109394	293.200142	293.200143	293.200142	293.200144	1.86471232e-06	2.93200142e-06	0	0	0.0797889	0	0	3
143	204	0	1.9950453	293.200142	293.200142	293.200142	293.200144	1.86471232e-06	2.93200142e-06	0	0	0.0796298	0	0	3
144	206	0	2.00899667	293.200142	293.200142	293.200142	293.200144	1.86441889e-06	2.93200142e-06	0	0	0.079703	0	0	3
145	207	0	2.02294803	293.200142	293.200142	293.200142	293.200144	1.74689461e-06	2.93200142e-06	0	0	0.0796001	0	0	3
146	208	0	2.0368994	293.200142	293.200142	293.200142	293.200144	1.73241915e-06	2.93200142e-06	0	0	0.0798444	0	0	3
147	210	0	2.05085077	293.200142	293.200142	293.200142	293.200143	1.58900122e-06	2.93200142e-06	0	0	0.0796232	0	0	3
148	211	0	2.06480213	293.200142	293.200142	293.200142	293.200143	1.49468383e-06	2.93200142e-06	0	0	0.0798291	0	0	3
149	212	0	2.0787535	293.200142	293.200142	293.200142	293.200143	1.25287556e-06	2.93200142e-06	0	0	0.0796139	0	0	3
150	214	0	2.09270486	293.200142	293.200142	293.200142	293.200143	1.15412257e-06	2.93200142e-06	0	0	0.0797368	0	0	3
151	215	0	2.10665623	293.200142	293.200142	293.200142	293.200143	1.28771597e-06	2.93200142e-06	0	0	0.0796454	0	0	3
152	216	0	2.12060759	293.200142	293.200142	293.200142	293.200143	1.39727547e-06	2.93200142e-06	0	0	0.0797384	0	0	3
153	218	0	2.13455896	293.200141	293.200142	293.200141	293.200143	1.48729572e-06	2.93200141e-06	0	0	0.0796259	0	0	3
154	219	0	2.14851033	293.200141	293.200142	293.200141	293.200143	1.55707011e-06	2.93200141e-06	0	0	0.0796576	0	0	3
155	220	0	2.16246169	293.200141	293.200142	293.200141	293.200143	1.65972943e-06	2.93200141e-06	0	0	0.0797771	0	0	3
156	222	0	2.17641306	293.200141	293.200142	293.200141	293.200143	1.6478557e-06	2.93200141e-06	0	0	0.079501	0	0	3
157	223	0	2.19036442	293.200141	293.200142	293.200141	293.200143	1.57411586e-06	2.93200141e-06	0	0	0.0796892	0	0	3
158	224	0	2.20431579	293.200141	293.200142	293.200141	293.200143	1.51343454e-06	2.93200141e-06	0	0	0.0793775	0	0	3
159	226	0	2.21826715	293.200141	293.200142	293.200141	293.200143	1.47267787e-06	2.93200141e-06	0	0	0.0797766	0	0	3
160	227	0	2.23221852	293.200141	293.200142	293.200141	293.200143	1.44459801e-06	2.93200141e-06	0	0	0.079706	0	0	3
161	229	0	2.24616989	293.200141	293.200142	293.200141	293.200143	1.4336581e-06	2.93200141e-06	0	0	0.0796937	0	0	3
162	230	0	2.26012125	293.200141	293.200142	293.200141	293.200143	1.43395448e-06	2.93200141e-06	0	0	0.0796696	0	0	3
163	231	0	2.27407262	293.200141	293.200142	293.200141	293.200143	1.43020145e-06	2.93200141e-06	0	0	0.0797663	0	0	3
164	233	0	2.28802398	293.200141	293.200142	293.200141	293.200143	1.36795671e-06	2.93200141e-06	0	0	0.0795912	0	0	3
165	234	0	2.30197535	293.200141	293.200142	293.200141	293.200142	1.22544128e-06	2.93200141e-06	0	0	0.0797475	0	0	3
166	235	0	2.31592671	293.200142	293.200142	293.200141	293.200142	1.0776468e-06	2.93200142e-06	0	0	0.0795891	0	0	3
167	237	0	2.32987808	293.200142	293.200142	293.200141	293.200142	9.86857174e-07	2.93200142e-06	0	0	0.0797676	0	0	3
168	238	0	2.34382945	293.200142	293.200142	293.200141	293.200142	9.86857174e-07	2.93200142e-06	0	0	0.0796414	0	0	3
169	239	0	2.35778081	293.200142	293.200142	293.200141	293.200142	9.86857174e-07	2.93200142e-06	0	0	0.0797687	0	0	3
170	241	0	2.37173218	293.200142	293.200142	293.200141	293.200142	9.86857174e-07	2.93200142e-06	0	0	0.0796523	0	0	3
171	242	0	2.38568354	293.200142	293.200142	293.200141	293.200142	9.86857174e-07	2.93200142e-06	0	0	0.0797717	0	0	3
172	243	0	2.39963491	293.200142	293.200142	293.200141	293.200142	9.86857174e-07	2.93200142e-06	0	0	0.0796822	0	0	3
173	245	0	2.41358627	293.200142	293.200142	293.200141	293.200142	9.86857174e-07	2.93200142e-06	0	0	0.07973	0	0	3
174	246	0	2.42753764	293.200142	293.200142	293.200141	293.200142	9.57961447e-07	2.93200142e-06	0	0	0.0795162	0	0	3
175	248	0	2.44148901	293.200141	293.200142	293.200141	293.200142	9.24207427e-07	2.93200141e-06	0	0	0.0797546	0	0	3
176	249	0	2.45544037	293.200141	293.200142	293.200141	293.200142	8.93692118e-07	2.93200141e-06	0	0	0.0795456	0	0	3
177	250	0	2.46939174	293.200141	293.200142	293.200141	293.200142	8.84323242e-07	2.93200141e-06	0	0	0.0797146	0	0	3
178	252	0	2.4833431	293.200141	293.200142	293.200141	293.200142	8.73325348e-07	2.93200141e-06	0	0	0.0795762	0	0	3
179	253	0	2.49729447	293.20014	293.200142	293.20014	293.200142	8.73261968e-07	2.9320014e-06	0	0	0.0797358	0	0	3
180	254	0	2.51124584	293.200141	293.200142	293.20014	293.200142	8.65274785e-07	2.93200141e-06	0	0	0.0796012	0	0	3
181	256	0	2.5251972	293.200141	293.200142	293.20014	293.200142	8.64053277e-07	2.93200141e-06	0	0	0.0797478	0	0	3
182	257	0	2.53914857	293.200141	293.200141	293.20014	293.200142	8.54983853e-07	2.93200141e-06	0	0	0.079487	0	0	3
183	258	0	2.55309993	293.200141	293.200141	293.20014	293.200142	8.49174398e-07	2.93200141e-06	0	0	0.0797286	0	0	3
184	260	0	2.5670513	293.200142	293.200141	293.20014	293.200142	8.31895363e-07	2.93200142e-06	0	0	0.0794783	0	0	3
185	261	0	2.58100266	293.200142	293.200141	293.20014	293.200142	8.15231829e-07	2.93200142e-06	0	0	0.0796676	0	0	3
186	263	0	2.59495403	293.200142	293.200141	293.20014	293.200142	7.81550227e-07	2.93200142e-06	0	0	0.0794006	0	0	3
187	264	0	2.6089054	293.200142	293.200141	293.20014	293.200142	7.51959988e-07	2.93200142e-06	0	0	0.0797581	0	0	3
188	265	0	2.62285676	293.200142	293.200141	293.20014	293.200142	7.21060815e-07	2.93200142e-06	0	0	0.0793919	0	0	3
189	267	0	2.63680813	293.200142	293.200141	293.20014	293.200142	6.90647539e-07	2.93200142e-06	0	0	0.0796617	0	0	3
190	268	0	2.65075949	293.200142	293.200141	293.20014	293.200142	6.5770206e-07	2.93200142e-06	0	0	0.0793952	0	0	3
191	269	0	2.66471086	293.200141	293.200141	293.20014	293.200142	6.3320266e-07	2.93200141e-06	0	0	0.0797215	0	0	3
192	271	0	2.67866222	293.200141	293.200141	293.20014	293.200142	6.10644634e-07	2.93200141e-06	0	0	0.0793968	0	0	3
193	272	0	2.69261359	293.200141	293.200141	293.20014	293.200142	5.91252387e-07	2.93200141e-06	0	0	0.0796736	0	0	3
194	274	0	2.70656496	293.200141	293.200141	293.20014	293.200142	5.62138212e-07	2.93200141e-06	0	0	0.0795264	0	0	3
195	275	0	2.72051632	293.200142	293.200141	293.20014	293.200142	5.34212461e-07	2.93200142e-06	0	0	0.0798142	0	0	3
196	276	0	2.73446769	293.200142	293.200141	293.20014	293.200142	5.00603903e-07	2.93200142e-06	0	0	0.0794284	0	0	3
197	278	0	2.74841905	293.200142	293.200141	293.20014	293.200142	4.61245293e-07	2.93200142e-06	0	0	0.0797407	0	0	3
198	279	0	2.76237042	293.200142	293.200141	293.20014	293.200142	4.18811055e-07	2.93200142e-06	0	0	0.0793743	0	0	3
199	280	0	2.77632178	293.200142	293.200142	293.20014	293.200142	3.78283517e-07	2.93200142e-06	0	0	0.0796749	0	0	3
200	282	0	2.79027315	293.200142	293.200142	293.20014	293.200142	3.41466773e-07	2.93200142e-06	0	0	0.0794552	0	0	3
201	283	0	2.80422452	293.200141	293.200142	293.20014	293.200142	3.15109844e-07	2.93200141e-06	0	0	0.0797519	0	0	3
202	285	0	2.81817588	293.200141	293.200142	293.20014	293.200142	3.03179718e-07	2.93200141e-06	0	0	0.0794482	0	0	3
203	286	0	2.83212725	293.200141	293.200141	293.20014	293.200142	3.03179718e-07	2.93200141e-06	0	0	0.0797098	0	0	3
204	288	0	2.84607861	293.200141	293.200141	293.20014	293.200142	3.03179718e-07	2.93200141e-06	0	0	0.0793844	0	0	3
205	289	0	2.86002998	293.200141	293.200141	293.20014	293.200142	3.06299398e-07	2.93200141e-06	0	0	0.0797801	0	0	3
206	290	0	2.87398134	293.200141	293.200141	293.20014	293.200142	3.46937895e-07	2.93200141e-06	0	0	0.079414	0	0	3
207	292	0	2.88793271	293.200141	293.200141	293.20014	293.200142	3.8663012e-07	2.93200141e-06	0	0	0.0797598	0	0	3
208	293	0	2.90188408	293.200141	293.200141	293.20014	293.200142	4.16811247e-07	2.93200141e-06	0	0	0.0794573	0	0	3
209	294	0	2.91583544	293.200141	293.200141	293.20014	293.200142	4.36274433e-07	2.93200141e-06	0	0	0.0796535	0	0	3
210	296	0	2.92978681	293.200141	293.200141	293.20014	293.200142	4.27092459e-07	2.93200141e-06	0	0	0.0796246	0	0	3
211	297	0	2.94373817	293.200141	293.200141	293.20014	293.200142	4.10430232e-07	2.93200141e-06	0	0	0.0797517	0	0	3
212	299	0	2.95768954	293.200142	293.200141	293.20014	293.200142	3.79426012e-07	2.93200142e-06	0	0	0.0796338	0	0	3
213	300	0	2.9716409	293.200141	293.200141	293.20014	293.200142	3.45136982e-07	2.93200141e-06	0	0	0.0795553	0	0	3
214	301	0	2.98559227	293.200142	293.200141	293.20014	293.200142	3.03159197e-07	2.93200142e-06	0	0	0.0799936	0	0	3
215	303	0	2.99954364	293.200141	293.200141	293.200141	293.200142	2.66170616e-07	2.93200141e-06	0	0	0.079627	0	0	3
216	304	0	3.013495	293.200141	293.200141	293.200141	293.200142	2.4288579e-07	2.93200141e-06	0	0	0.0802355	0	0	3
217	305	0	3.02744637	293.200141	293.200141	293.200141	293.200142	2.4288579e-07	2.93200141e-06	0	0	0.0797348	0	0	3
218	307	0	3.04139773	293.200141	293.200141	293.200141	293.200142	2.4288579e-07	2.93200141e-06	0	0	0.0796129	0	0	3
219	308	0	3.0553491	293.200141	293.200141	293.200141	293.200142	2.4288579e-07	2.93200141e-06	0	0	0.0796384	0	0	3
220	310	0	3.06930047	293.200141	293.200141	293.200141	293.200142	2.4288579e-07	2.93200141e-06	0	0	0.0799064	0	0	3
221	311	0	3.08325183	293.200141	293.200141	293.200141	293.200142	2.4288579e-07	2.93200141e-06	0	0	0.0792567	0	0	3
222	312	0	3.0972032	293.200141	293.200141	293.200141	293.200142	2.4288579e-07	2.93200141e-06	0	0	0.0804576	0	0	3
223	314	0	3.11115456	293.200141	293.200141	293.200141	293.200142	2.4288579e-07	2.93200141e-06	0	0	0.0798843	0	0	3
224	315	0	3.12510593	293.200141	293.200141	293.200141	293.200142	2.4288579e-07	2.93200141e-06	0	0	0.0802909	0	0	3
225	316	0	3.13905729	293.200141	293.200141	293.200141	293.200142	2.4288579e-07	2.93200141e-06	0	0	0.0794929	0	0	3
226	318	0	3.15300866	293.200142	293.200141	293.200141	293.200142	2.4288579e-07	2.93200142e-06	0	0	0.0802462	0	0	3
227	319	0	3.16696003	293.200141	293.200141	293.200141	293.200142	2.4288579e-07	2.93200141e-06	0	0	0.080214	0	0	3
228	320	0	3.18091139	293.200141	293.200141	293.200141	293.200142	2.4288579e-07	2.93200141e-06	0	0	0.0800936	0	0	3
229	322	0	3.19486276	293.200141	293.200141	293.200141	293.200142	2.4288579e-07	2.93200141e-06	0	0	0.0792594	0	0	3
230	323	0	3.20881412	293.200142	293.200141	293.200141	293.200142	2.4288579e-07	2.93200142e-06	0	0	0.0799085	0	0	3
231	325	0	3.22276549	293.200141	293.200141	293.200141	293.200142	2.4288579e-07	2.93200141e-06	0	0	0.0797449	0	0	3
232	326	0	3.23671685	293.200142	293.200141	293.200141	293.200142	2.4288579e-07	2.93200142e-06	0	0	0.0797696	0	0	3
233	327	0	3.25066822	293.200141	293.200141	293.200141	293.200142	2.4288579e-07	2.93200141e-06	0	0	0.0795373	0	0	3
234	329	0	3.26461959	293.200142	293.200141	293.200141	293.200142	2.4288579e-07	2.93200142e-06	0	0	0.0800315	0	0	3
235	330	0	3.27857095	293.200141	293.200141	293.200141	293.200142	2.4288579e-07	2.93200141e-06	0	0	0.0795104	0	0	3
236	331	0	3.29252232	293.200142	293.200141	293.200141	293.200142	2.4288579e-07	2.93200142e-06	0	0	0.0803456	0	0	3
237	333	0	3.30647368	293.200141	293.200141	293.200141	293.200142	2.40670033e-07	2.93200141e-06	0	0	0.0797659	0	0	3
238	334	0	3.32042505	293.200141	293.200141	293.200141	293.200142	2.16162334e-07	2.93200141e-06	0	0	0.0802751	0	0	3
239	335	0	3.33437641	293.200141	293.200141	293.200141	293.200142	1.85600925e-07	2.93200141e-06	0	0	0.0799057	0	0	3
240	337	0	3.34832778	293.200141	293.200141	293.200141	293.200142	1.44795877e-07	2.93200141e-06	0	0	0.0803637	0	0	3
241	338	0	3.36227915	293.200141	293.200141	293.200141	293.200142	1.21009464e-07	2.93200141e-06	0	0	0.079746	0	0	3
242	339	0	3.37623051	293.200142	293.200141	293.200141	293.200142	1.21009464e-07	2.93200142e-06	0	0	0.0803659	0	0	3
243	341	0	3.39018188	293.200141	293.200141	293.200141	293.200142	1.21009464e-07	2.93200141e-06	0	0	0.0796683	0	0	3
244	342	0	3.40413324	293.200142	293.200141	293.200141	293.200142	1.27381043e-07	2.93200142e-06	0	0	0.0803863	0	0	3
245	344	0	3.41808461	293.200141	293.200141	293.200141	293.200142	1.44064131e-07	2.93200141e-06	0	0	0.0800011	0	0	3
246	345	0	3.43203597	293.200142	293.200141	293.200141	293.200142	1.46472871e-07	2.93200142e-06	0	0	0.0805391	0	0	3
247	346	0	3.44598734	293.200142	293.200141	293.200141	293.200142	1.46398804e-07	2.93200142e-06	0	0	0.0799439	0	0	3
248	348	0	3.45993871	293.200142	293.200141	293.200141	293.200142	1.46470882e-07	2.93200142e-06	0	0	0.0802727	0	0	3
249	349	0	3.47389007	293.200141	293.200141	293.200141	293.200142	1.46470882e-07	2.93200141e-06	0	0	0.0799352	0	0	3
250	350	0	3.48784144	293.200142	293.200141	293.200141	293.200142	1.48389915e-07	2.93200142e-06	0	0	0.0803272	0	0	3
251	352	0	3.5017928	293.200141	293.200141	293.200141	293.200142	1.54649513e-07	2.93200141e-06	0	0	0.0799588	0	0	3
252	353	0	3.51574417	293.200142	293.200141	293.200141	293.200142	1.57494696e-07	2.93200142e-06	0	0	0.0804637	0	0	3
253	354	0	3.52969553	293.200141	293.200141	293.200141	293.200142	1.63412437e-07	2.93200141e-06	0	0	0.0800052	0	0	3
254	356	0	3.5436469	293.200141	293.200141	293.200141	293.200142	1.70886437e-07	2.93200141e-06	0	0	0.0802217	0	0	3
255	357	0	3.55759827	293.200141	293.200141	293.200141	293.200142	1.77836796e-07	2.93200141e-06	0	0	0.0798871	0	0	3
256	358	0	3.57154963	293.200141	293.200141	293.200141	293.200142	1.83488851e-07	2.93200141e-06	0	0	0.0802553	0	0	3
257	360	0	3.585501	293.200141	293.200141	293.200141	293.200142	1.91402989e-07	2.93200141e-06	0	0	0.0794984	0	0	3
258	361	0	3.59945236	293.200142	293.200141	293.200141	293.200142	2.01040848e-07	2.93200142e-06	0	0	0.0803554	0	0	3
259	362	0	3.61340373	293.200142	293.200142	293.200141	293.200142	2.12910777e-07	2.93200142e-06	0	0	0.0795579	0	0	3
260	364	0	3.6273551	293.200142	293.200142	293.200141	293.200142	2.25807412e-07	2.93200142e-06	0	0	0.0804199	0	0	3
261	365	0	3.64130646	293.200142	293.200142	293.200141	293.200142	2.32214177e-07	2.93200142e-06	0	0	0.0794207	0	0	3
262	367	0	3.65525783	293.200142	293.200142	293.200141	293.200142	2.40642294e-07	2.93200142e-06	0	0	0.0805466	0	0	3
263	368	0	3.66920919	293.200142	293.200142	293.200141	293.200142	2.44619457e-07	2.93200142e-06	0	0	0.0795688	0	0	3
264	369	0	3.68316056	293.200141	293.200142	293.200141	293.200142	2.44619457e-07	2.93200141e-06	0	0	0.0804321	0	0	3
265	371	0	3.69711192	293.200141	293.200142	293.200141	293.200142	2.44619457e-07	2.93200141e-06	0	0	0.0795115	0	0	3
266	372	0	3.71106329	293.200141	293.200142	293.200141	293.200142	2.44619457e-07	2.93200141e-06	0	0	0.0802332	0	0	3
267	373	0	3.72501466	293.200141	293.200141	293.200141	293.200142	2.44619457e-07	2.93200141e-06	0	0	0.0795107	0	0	3
268	375	0	3.73896602	293.200141	293.200141	293.200141	293.200142	2.44619457e-07	2.93200141e-06	0	0	0.0802269	0	0	3
269	376	0	3.75291739	293.200141	293.200141	293.200141	293.200142	2.44619457e-07	2.93200141e-06	0	0	0.0794951	0	0	3
270	378	0	3.76686875	293.200141	293.200141	293.200141	293.200142	2.44619457e-07	2.93200141e-06	0	0	0.0801946	0	0	3
271	379	0	3.78082012	293.200141	293.200141	293.200141	293.200142	2.44619457e-07	2.93200141e-06	0	0	0.0794789	0	0	3
272	380	0	3.79477148	293.200142	293.200141	293.200141	293.200142	2.44619457e-07	2.93200142e-06	0	0	0.0802278	0	0	3
273	382	0	3.80872285	293.200142	293.200141	293.200141	293.200142	2.43998556e-07	2.93200142e-06	0	0	0.0794888	0	0	3
274	383	0	3.82267422	293.200142	293.200141	293.200141	293.200142	2.35921505e-07	2.93200142e-06	0	0	0.0801875	0	0	3
275	384	0	3.83662558	293.200142	293.200141	293.200141	293.200142	2.18610694e-07	2.93200142e-06	0	0	0.0795271	0	0	3
276	386	0	3.85057695	293.200142	293.200141	293.200141	293.200142	1.96965004e-07	2.93200142e-06	0	0	0.0802168	0	0	3
277	387	0	3.86452831	293.200142	293.200141	293.200141	293.200142	1.74108322e-07	2.93200142e-06	0	0	0.0795977	0	0	3
278	388	0	3.87847968	293.200142	293.200141	293.200141	293.200142	1.49898085e-07	2.93200142e-06	0	0	0.0801637	0	0	3
279	390	0	3.89243104	293.200142	293.200141	293.200141	293.200142	1.26152656e-07	2.93200142e-06	0	0	0.0794083	0	0	3
280	391	0	3.90638241	293.200142	293.200141	293.200141	293.200142	1.20445577e-07	2.93200142e-06	0	0	0.0801779	0	0	3
281	392	0	3.92033378	293.200141	293.200141	293.200141	293.200142	1.20445577e-07	2.93200141e-06	0	0	0.079713	0	0	3
282	394	0	3.93428514	293.200142	293.200141	293.200141	293.200142	1.20445577e-07	2.93200142e-06	0	0	0.0801446	0	0	3
283	395	0	3.94823651	293.200141	293.200141	293.200141	293.200142	1.20445577e-07	2.93200141e-06	0	0	0.0795391	0	0	3
284	397	0	3.96218787	293.200141	293.200141	293.200141	293.200142	1.20445577e-07	2.93200141e-06	0	0	0.0801484	0	0	3
285	398	0	3.97613924	293.200141	293.200141	293.200141	293.200142	1.20445577e-07	2.93200141e-06	0	0	0.0793906	0	0	3
286	399	0	3.9900906	293.200141	293.200141	293.200141	293.200142	1.33691742e-07	2.93200141e-06	0	0	0.0800253	0	0	3
287	401	0	4.00404197	293.200141	293.200141	293.200141	293.200142	1.53193014e-07	2.93200141e-06	0	0	0.0789478	0	0	3
