Iteration	CPUTime	PhysTime	Travels	Value	AvValue	MinValue	MaxValue	Delta	Criteria	Progress	dGMaxMin	CriteriaType	CriteriaVarType	CriteriaPercentage
1	8	0	0.0139513658	101184.829	101184.829	101184.829	101184.829	0	0	0	0	7886.8	0	0	3
2	10	0	0.0279027315	101183.811	101184.32	101183.811	101184.829	0.509013256	0	0	0	1841.45	0	0	3
3	11	0	0.0418540973	101183.809	101184.15	101183.809	101184.829	0.679358803	0	0	0	943.536	0	0	3
4	13	0	0.055805463	101183.799	101184.062	101183.799	101184.829	0.767037582	0	0	0	846.367	0	0	3
5	14	0	0.0697568288	101183.781	101184.006	101183.781	101184.829	0.823144608	0	0	0	719.539	0	0	3
6	16	0	0.0837081945	101183.776	101183.967	101183.776	101184.829	0.861448884	0	0	0	618.604	0	0	3
7	17	0	0.0976595603	101183.753	101183.937	101183.753	101184.829	0.892090015	0	0	0	531.523	0	0	3
8	18	0	0.111610926	101183.737	101183.912	101183.737	101184.829	0.917024517	0	0	0	491.005	0	0	3
9	20	0	0.125562292	101183.712	101183.89	101183.712	101184.829	0.939250901	0	0	0	490.075	0	0	3
10	21	0	0.139513658	101183.69	101183.87	101183.69	101184.829	0.959258959	0	0	0	508.443	0	0	3
11	22	0	0.153465023	101183.67	101183.852	101183.67	101184.829	0.977403755	0	0	0	523.629	0	0	3
12	23	0	0.167416389	101183.649	101183.835	101183.649	101184.829	0.99425963	0	0	0	540.264	0	0	3
13	25	0	0.181367755	101183.628	101183.819	101183.628	101184.829	1.01012612	0	0	0	556.524	0	0	3
14	26	0	0.195319121	101183.609	101183.804	101183.609	101184.829	1.02511121	0	0	0	572.309	0	0	3
15	27	0	0.209270486	101183.59	101183.79	101183.59	101184.829	1.03933958	0	0	0	587.907	0	0	3
16	29	0	0.223221852	101183.574	101183.776	101183.574	101184.829	1.05278898	0	0	0	599.24	0	0	3
17	30	0	0.237173218	101183.56	101183.763	101183.56	101184.829	1.06549963	0	0	0	609.834	0	0	3
18	32	0	0.251124584	101183.544	101183.751	101183.544	101184.829	1.07767985	0	0	0	620.266	0	0	3
19	33	0	0.265075949	101183.529	101183.74	101183.529	101184.829	1.0893591	0	0	0	630.597	0	0	3
20	34	0	0.279027315	101183.514	101183.728	101183.514	101184.829	1.10065103	0	0	0	640.725	0	0	3
21	36	0	0.292978681	101183.501	101183.717	101183.501	101184.829	1.11149331	0	0	0	647.476	0	0	3
22	37	0	0.306930047	101183.485	101183.707	101183.485	101184.829	1.12203602	0	0	0	654.081	0	0	3
23	38	0	0.320881412	101183.47	101183.697	101183.47	101184.829	1.13235358	0	0	0	660.897	0	0	3
24	40	0	0.334832778	101183.454	101183.686	101183.454	101184.829	1.14246347	0	0	0	667.703	0	0	3
25	41	0	0.348784144	101183.438	101183.677	101183.438	101184.829	1.1523945	0	0	0	674.431	0	0	3
26	43	0	0.36273551	101183.422	101183.667	101183.422	101184.829	1.16218995	0	0	0	679.408	0	0	3
27	44	0	0.376686875	101183.405	101183.657	101183.405	101184.829	1.17186589	0	0	0	684.333	0	0	3
28	45	0	0.390638241	101183.39	101183.648	101183.39	101184.829	1.18139432	0	0	0	689.303	0	0	3
29	47	0	0.404589607	101183.376	101183.638	101183.376	101184.829	1.19076854	0	0	0	694.302	0	0	3
30	48	0	0.418540973	101183.362	101183.629	101183.362	101184.829	1.1999872	0	0	0	699.383	0	0	3
31	50	0	0.432492338	101183.349	101183.62	101183.349	101184.829	1.20901098	0	0	0	702.607	0	0	3
32	51	0	0.446443704	101183.336	101183.611	101183.336	101184.829	1.21787805	0	0	0	705.807	0	0	3
33	52	0	0.46039507	101183.327	101183.602	101183.327	101184.829	1.22648336	0	0	0	708.933	0	0	3
34	54	0	0.474346436	101183.319	101183.594	101183.319	101184.829	1.2348283	0	0	0	712.25	0	0	3
35	55	0	0.488297801	101183.31	101183.586	101183.31	101184.829	1.24294021	0	0	0	715.556	0	0	3
36	57	0	0.502249167	101183.305	101183.578	101183.305	101184.829	1.25075627	0	0	0	717.799	0	0	3
37	58	0	0.516200533	101183.298	101183.536	101183.298	101183.811	0.512755885	0	0	0	719.986	0	0	3
38	60	0	0.530151899	101183.292	101183.521	101183.292	101183.809	0.516406179	0	0	0	722.118	0	0	3
39	61	0	0.544103264	101183.288	101183.507	101183.288	101183.799	0.510990017	0	0	0	724.235	0	0	3
40	63	0	0.55805463	101183.288	101183.493	101183.288	101183.781	0.493691248	0	0	0	726.268	0	0	3
41	64	0	0.572005996	101183.288	101183.479	101183.288	101183.776	0.488293691	0	0	0	727.626	0	0	3
42	65	0	0.585957362	101183.288	101183.465	101183.288	101183.753	0.465333517	0	0	0	728.949	0	0	3
43	67	0	0.599908727	101183.286	101183.452	101183.286	101183.737	0.451627177	0	0	0	730.209	0	0	3
44	68	0	0.613860093	101183.282	101183.44	101183.282	101183.712	0.430038546	0	0	0	731.423	0	0	3
45	70	0	0.627811459	101183.278	101183.428	101183.278	101183.69	0.412081588	0	0	0	732.606	0	0	3
46	71	0	0.641762825	101183.276	101183.416	101183.276	101183.67	0.394422079	0	0	0	733.831	0	0	3
47	72	0	0.65571419	101183.274	101183.405	101183.274	101183.649	0.375724396	0	0	0	735.051	0	0	3
48	74	0	0.669665556	101183.272	101183.395	101183.272	101183.628	0.35622011	0	0	0	736.228	0	0	3
49	75	0	0.683616922	101183.271	101183.385	101183.271	101183.609	0.3380995	0	0	0	737.352	0	0	3
50	77	0	0.697568288	101183.269	101183.375	101183.269	101183.59	0.321426315	0	0	0	738.498	0	0	3
51	78	0	0.711519653	101183.267	101183.366	101183.267	101183.574	0.307751275	0	0	0	739.663	0	0	3
52	79	0	0.725471019	101183.265	101183.358	101183.265	101183.56	0.295357591	0	0	0	740.848	0	0	3
53	81	0	0.739422385	101183.263	101183.349	101183.263	101183.544	0.281384613	0	0	0	742.011	0	0	3
54	82	0	0.753373751	101183.262	101183.342	101183.262	101183.529	0.267211789	0	0	0	743.216	0	0	3
55	83	0	0.767325116	101183.262	101183.334	101183.262	101183.514	0.252037194	0	0	0	744.417	0	0	3
56	85	0	0.781276482	101183.262	101183.327	101183.262	101183.501	0.238895973	0	0	0	745.628	0	0	3
57	86	0	0.795227848	101183.262	101183.32	101183.262	101183.485	0.223802143	0	0	0	746.788	0	0	3
58	88	0	0.809179214	101183.262	101183.314	101183.262	101183.47	0.207894933	0	0	0	748.02	0	0	3
59	89	0	0.823130579	101183.261	101183.308	101183.261	101183.454	0.192453252	0	0	0	749.243	0	0	3
60	90	0	0.837081945	101183.262	101183.303	101183.261	101183.438	0.1767048	0	0	0	750.413	0	0	3
61	92	0	0.851033311	101183.261	101183.298	101183.261	101183.422	0.160666526	0	0	0	751.592	0	0	3
62	93	0	0.864984677	101183.262	101183.294	101183.261	101183.405	0.144302485	0	0	0	752.773	0	0	3
63	95	0	0.878936042	101183.262	101183.29	101183.261	101183.39	0.129080757	0	0	0	753.959	0	0	3
64	96	0	0.892887408	101183.262	101183.286	101183.261	101183.376	0.114495867	0	0	0	755.145	0	0	3
65	97	0	0.906838774	101183.261	101183.283	101183.261	101183.362	0.100414374	0	0	0	756.32	0	0	3
66	99	0	0.92079014	101183.261	101183.28	101183.261	101183.349	0.0882874864	0	0	0	757.523	0	0	3
67	100	0	0.934741505	101183.261	101183.278	101183.261	101183.336	0.0754793117	0	0	0	758.709	0	0	3
68	101	0	0.948692871	101183.261	101183.276	101183.261	101183.327	0.0664853861	0	0	0	759.925	0	0	3
69	103	0	0.962644237	101183.26	101183.274	101183.26	101183.319	0.0585552136	0	0	0	761.18	0	0	3
70	104	0	0.976595603	101183.26	101183.272	101183.26	101183.31	0.05051386	0	0	0	762.387	0	0	3
71	106	0	0.990546968	101183.259	101183.271	101183.259	101183.305	0.0455806294	0	0	0	763.578	0	0	3
72	107	0	1.00449833	101183.258	101183.269	101183.258	101183.298	0.0398334289	0.0165169778	0	0	764.769	0	0	3
73	108	0	1.0184497	101183.257	101183.268	101183.257	101183.292	0.0349775696	0.0165415125	0	0	765.952	0	0	3
74	110	0	1.03240107	101183.256	101183.267	101183.256	101183.288	0.0314206851	0.0165572771	0	0	767.138	0	0	3
75	111	0	1.04635243	101183.256	101183.266	101183.256	101183.288	0.0320212889	0.0165169778	0	0	768.319	0	0	3
76	112	0	1.0603038	101183.254	101183.266	101183.254	101183.288	0.0332653498	0.0165169778	0	0	769.652	0	0	3
77	114	0	1.07425516	101183.254	101183.265	101183.254	101183.288	0.0341117967	0.0165169778	0	0	770.927	0	0	3
78	115	0	1.08820653	101183.253	101183.264	101183.253	101183.286	0.0329374924	0.0165169778	0	0	772.298	0	0	3
79	117	0	1.10215789	101183.252	101183.263	101183.252	101183.282	0.0296453123	0.0165169778	0	0	773.606	0	0	3
80	118	0	1.11610926	101183.251	101183.262	101183.251	101183.278	0.0260419877	0.0165169778	0	0	774.98	0	0	3
81	119	0	1.13006063	101183.251	101183.261	101183.251	101183.276	0.02502472	0.0165169778	0	0	776.297	0	0	3
82	121	0	1.14401199	101183.249	101183.26	101183.249	101183.274	0.0242741832	0.0165169778	0	0	777.656	0	0	3
83	122	0	1.15796336	101183.248	101183.26	101183.248	101183.272	0.0239778202	0.0165169778	0	0	778.987	0	0	3
84	123	0	1.17191472	101183.247	101183.259	101183.247	101183.271	0.024357387	0.0165169778	0	0	780.339	0	0	3
85	125	0	1.18586609	101183.245	101183.258	101183.245	101183.269	0.023722014	0.0165169778	0	0	781.67	0	0	3
86	126	0	1.19981745	101183.244	101183.258	101183.244	101183.267	0.0229280352	0.0165169778	0	0	783.01	0	0	3
87	128	0	1.21376882	101183.243	101183.257	101183.243	101183.265	0.0218894826	0.0165169778	0	0	784.321	0	0	3
88	129	0	1.22772019	101183.241	101183.256	101183.241	101183.263	0.0214601922	0.0165169778	0	0	785.682	0	0	3
89	130	0	1.24167155	101183.24	101183.256	101183.24	101183.262	0.021937983	0.0165169778	0	0	786.993	0	0	3
90	132	0	1.25562292	101183.239	101183.255	101183.239	101183.262	0.0235048001	0.0165169778	0	0	788.388	0	0	3
91	133	0	1.26957428	101183.237	101183.254	101183.237	101183.262	0.0246498139	0.0165169778	0	0	789.875	0	0	3
92	134	0	1.28352565	101183.236	101183.254	101183.236	101183.262	0.0257120238	0.0165169778	0	0	791.254	0	0	3
93	136	0	1.29747701	101183.235	101183.253	101183.235	101183.262	0.0270615675	0.0165169778	0	0	792.736	0	0	3
94	137	0	1.31142838	101183.233	101183.252	101183.233	101183.262	0.0283874573	0.0165169778	0	0	794	0	0	3
95	138	0	1.32537975	101183.232	101183.251	101183.232	101183.262	0.0298350594	0.0165169778	0	0	795.465	0	0	3
96	140	0	1.33933111	101183.231	101183.25	101183.231	101183.262	0.0312820933	0.0165169778	0	0	796.721	0	0	3
97	141	0	1.35328248	101183.229	101183.249	101183.229	101183.262	0.0326092011	0.0165169778	0	0	798.04	0	0	3
98	143	0	1.36723384	101183.228	101183.248	101183.228	101183.262	0.0342826649	0.0165169778	0	0	799.461	0	0	3
99	144	0	1.38118521	101183.226	101183.248	101183.226	101183.262	0.0358519116	0.0165169778	0	0	801.113	0	0	3
100	145	0	1.39513658	101183.224	101183.246	101183.224	101183.261	0.0365905501	0.0165169778	0	0	802.517	0	0	3
101	147	0	1.40908794	101183.223	101183.245	101183.223	101183.261	0.0348611886	0.0165169778	0	0	803.942	0	0	3
102	148	0	1.42303931	101183.221	101183.244	101183.221	101183.261	0.0335006357	0.0165169778	0	0	805.328	0	0	3
103	150	0	1.43699067	101183.22	101183.243	101183.22	101183.261	0.032529656	0.0165169778	0	0	806.772	0	0	3
104	151	0	1.45094204	101183.219	101183.242	101183.219	101183.26	0.0318334951	0.0165169778	0	0	808.151	0	0	3
105	153	0	1.4648934	101183.217	101183.241	101183.217	101183.26	0.0313820788	0.0165169778	0	0	809.747	0	0	3
106	154	0	1.47884477	101183.216	101183.24	101183.216	101183.259	0.0311807519	0.0165169778	0	0	811.324	0	0	3
107	155	0	1.49279614	101183.214	101183.238	101183.214	101183.258	0.0311394251	0.0165169778	0	0	812.955	0	0	3
108	157	0	1.5067475	101183.213	101183.237	101183.213	101183.257	0.031276401	0.0165169778	0	0	814.37	0	0	3
109	158	0	1.52069887	101183.211	101183.236	101183.211	101183.256	0.0315662384	0.0165169778	0	0	815.938	0	0	3
110	160	0	1.53465023	101183.209	101183.234	101183.209	101183.256	0.0319827119	0.0165169778	0	0	817.385	0	0	3
111	161	0	1.5486016	101183.208	101183.233	101183.208	101183.254	0.0323932816	0.0165169778	0	0	818.948	0	0	3
112	162	0	1.56255296	101183.206	101183.232	101183.206	101183.254	0.032795264	0.0165169778	0	0	820.402	0	0	3
113	164	0	1.57650433	101183.204	101183.23	101183.204	101183.253	0.0332037528	0.0165169778	0	0	821.929	0	0	3
114	165	0	1.5904557	101183.202	101183.229	101183.202	101183.252	0.03368062	0.0165169778	0	0	823.388	0	0	3
115	166	0	1.60440706	101183.2	101183.228	101183.2	101183.251	0.034278423	0.0165169778	0	0	824.934	0	0	3
116	168	0	1.61835843	101183.198	101183.226	101183.198	101183.251	0.0350044676	0.0165169778	0	0	826.393	0	0	3
117	169	0	1.63230979	101183.197	101183.225	101183.197	101183.249	0.0357650309	0.0165169778	0	0	827.915	0	0	3
118	170	0	1.64626116	101183.195	101183.223	101183.195	101183.248	0.0365690513	0.0165169778	0	0	829.372	0	0	3
119	172	0	1.66021252	101183.193	101183.222	101183.193	101183.247	0.0373782803	0.0165169778	0	0	830.764	0	0	3
120	173	0	1.67416389	101183.191	101183.22	101183.191	101183.245	0.0381949393	0.0165169778	0	0	832.349	0	0	3
121	174	0	1.68811526	101183.19	101183.219	101183.19	101183.244	0.0390234671	0.0165169778	0	0	833.63	0	0	3
122	176	0	1.70206662	101183.189	101183.217	101183.189	101183.243	0.0398842147	0.0165169778	0	0	834.859	0	0	3
123	177	0	1.71601799	101183.188	101183.215	101183.188	101183.241	0.0407639259	0.0165169778	0	0	836.136	0	0	3
124	178	0	1.72996935	101183.186	101183.214	101183.186	101183.24	0.0416599862	0.0165169778	0	0	837.351	0	0	3
125	180	0	1.74392072	101183.185	101183.212	101183.185	101183.239	0.0425417914	0.0165169778	0	0	838.769	0	0	3
126	181	0	1.75787208	101183.183	101183.211	101183.183	101183.237	0.0434008563	0.0165169778	0	0	840.007	0	0	3
127	183	0	1.77182345	101183.182	101183.209	101183.182	101183.236	0.0442250325	0.0165169778	0	0	841.435	0	0	3
128	184	0	1.78577482	101183.18	101183.208	101183.18	101183.235	0.0450286318	0.0165169778	0	0	842.673	0	0	3
129	185	0	1.79972618	101183.179	101183.206	101183.179	101183.233	0.0458027548	0.0165169778	0	0	844.07	0	0	3
130	187	0	1.81367755	101183.177	101183.205	101183.177	101183.232	0.0465570229	0.0165169778	0	0	845.328	0	0	3
131	188	0	1.82762891	101183.175	101183.203	101183.175	101183.231	0.047268893	0.0165169778	0	0	846.728	0	0	3
132	189	0	1.84158028	101183.174	101183.201	101183.174	101183.229	0.0479619554	0.0165169778	0	0	848.146	0	0	3
133	191	0	1.85553164	101183.172	101183.2	101183.172	101183.228	0.0485921169	0.0165169778	0	0	849.38	0	0	3
134	192	0	1.86948301	101183.171	101183.198	101183.171	101183.226	0.0491788021	0.0165169778	0	0	850.792	0	0	3
135	193	0	1.88343438	101183.169	101183.197	101183.169	101183.224	0.0497101495	0.0165169778	0	0	852.061	0	0	3
136	195	0	1.89738574	101183.168	101183.195	101183.168	101183.223	0.0502028988	0.0165169778	0	0	853.141	0	0	3
137	196	0	1.91133711	101183.167	101183.194	101183.167	101183.221	0.0506492836	0.0165169778	0	0	854.231	0	0	3
138	197	0	1.92528847	101183.166	101183.192	101183.166	101183.22	0.0510523779	0.0165169778	0	0	855.308	0	0	3
139	199	0	1.93923984	101183.165	101183.191	101183.165	101183.219	0.0514131144	0.0165169778	0	0	856.413	0	0	3
140	200	0	1.95319121	101183.164	101183.189	101183.164	101183.217	0.0517540061	0.0165169778	0	0	857.656	0	0	3
141	201	0	1.96714257	101183.162	101183.188	101183.162	101183.216	0.0520695605	0.0165169778	0	0	859.017	0	0	3
142	203	0	1.98109394	101183.16	101183.186	101183.16	101183.214	0.0523624013	0.0165169778	0	0	860.268	0	0	3
143	204	0	1.9950453	101183.159	101183.184	101183.159	101183.213	0.0526427577	0.0165169778	0	0	861.814	0	0	3
144	206	0	2.00899667	101183.157	101183.183	101183.157	101183.211	0.0529038014	0.0165169778	0	0	863.043	0	0	3
145	207	0	2.02294803	101183.155	101183.181	101183.155	101183.209	0.0531417319	0.0165169778	0	0	864.439	0	0	3
146	208	0	2.0368994	101183.154	101183.18	101183.154	101183.208	0.05335041	0.0165169778	0	0	865.678	0	0	3
147	210	0	2.05085077	101183.152	101183.178	101183.152	101183.206	0.0535402271	0.0165169778	0	0	867.066	0	0	3
148	211	0	2.06480213	101183.151	101183.177	101183.151	101183.204	0.0533391345	0.0165169778	0	0	868.324	0	0	3
149	212	0	2.0787535	101183.149	101183.175	101183.149	101183.202	0.0529733157	0.0165169778	0	0	869.695	0	0	3
150	214	0	2.09270486	101183.147	101183.174	101183.147	101183.2	0.0528536099	0.0165169778	0	0	870.948	0	0	3
151	215	0	2.10665623	101183.146	101183.172	101183.146	101183.198	0.0526254588	0.0165169778	0	0	872.328	0	0	3
152	216	0	2.12060759	101183.144	101183.171	101183.144	101183.197	0.0525142141	0.0165169778	0	0	873.569	0	0	3
153	218	0	2.13455896	101183.143	101183.169	101183.143	101183.195	0.0521403154	0.0165169778	0	0	874.93	0	0	3
154	219	0	2.14851033	101183.141	101183.168	101183.141	101183.193	0.0521689007	0.0165169778	0	0	876.174	0	0	3
155	220	0	2.16246169	101183.14	101183.166	101183.14	101183.191	0.0516742865	0.0165169778	0	0	877.551	0	0	3
156	222	0	2.17641306	101183.138	101183.165	101183.138	101183.19	0.0517658474	0.0165169778	0	0	878.78	0	0	3
157	223	0	2.19036442	101183.137	101183.163	101183.137	101183.189	0.0518960087	0.0165169778	0	0	880.128	0	0	3
158	224	0	2.20431579	101183.135	101183.162	101183.135	101183.188	0.0522982624	0.0165169778	0	0	881.38	0	0	3
159	226	0	2.21826715	101183.134	101183.16	101183.134	101183.186	0.0525486809	0.0165169778	0	0	882.751	0	0	3
160	227	0	2.23221852	101183.132	101183.159	101183.132	101183.185	0.0526347063	0.0165169778	0	0	884	0	0	3
161	229	0	2.24616989	101183.131	101183.157	101183.131	101183.183	0.0527555427	0.0165169778	0	0	885.353	0	0	3
162	230	0	2.26012125	101183.129	101183.156	101183.129	101183.182	0.0528598361	0.0165169778	0	0	886.607	0	0	3
163	231	0	2.27407262	101183.127	101183.154	101183.127	101183.18	0.0528135031	0.0165169778	0	0	887.977	0	0	3
164	233	0	2.28802398	101183.126	101183.153	101183.126	101183.179	0.052657987	0.0165169778	0	0	889.223	0	0	3
165	234	0	2.30197535	101183.124	101183.151	101183.124	101183.177	0.0524396575	0.0165169778	0	0	890.575	0	0	3
166	235	0	2.31592671	101183.123	101183.15	101183.123	101183.175	0.0523518373	0.0165169778	0	0	891.821	0	0	3
167	237	0	2.32987808	101183.122	101183.148	101183.122	101183.174	0.0520993091	0.0165169778	0	0	893.242	0	0	3
168	238	0	2.34382945	101183.12	101183.147	101183.12	101183.172	0.0520428969	0.0165169778	0	0	894.435	0	0	3
169	239	0	2.35778081	101183.119	101183.145	101183.119	101183.171	0.0516881089	0.0165169778	0	0	895.833	0	0	3
170	241	0	2.37173218	101183.118	101183.144	101183.118	101183.169	0.0517172938	0.0165169778	0	0	897.032	0	0	3
171	242	0	2.38568354	101183.116	101183.142	101183.116	101183.168	0.0521856053	0.0165169778	0	0	898.455	0	0	3
172	243	0	2.39963491	101183.114	101183.141	101183.114	101183.167	0.0528437662	0.0165169778	0	0	899.653	0	0	3
173	245	0	2.41358627	101183.113	101183.139	101183.113	101183.166	0.0528284343	0.0165169778	0	0	901.056	0	0	3
174	246	0	2.42753764	101183.111	101183.138	101183.111	101183.165	0.0528382394	0.0165169778	0	0	902.257	0	0	3
175	248	0	2.44148901	101183.109	101183.136	101183.109	101183.164	0.0528632174	0.0165169778	0	0	903.683	0	0	3
176	249	0	2.45544037	101183.108	101183.135	101183.108	101183.162	0.0528789629	0.0165169778	0	0	904.693	0	0	3
177	250	0	2.46939174	101183.106	101183.133	101183.106	101183.16	0.052893274	0.0165169778	0	0	905.972	0	0	3
178	252	0	2.4833431	101183.105	101183.132	101183.105	101183.159	0.05289489	0.0165169778	0	0	907.106	0	0	3
179	253	0	2.49729447	101183.103	101183.13	101183.103	101183.157	0.0528793203	0.0165169778	0	0	908.418	0	0	3
180	254	0	2.51124584	101183.102	101183.128	101183.102	101183.155	0.0528569933	0.0165169778	0	0	909.569	0	0	3
181	256	0	2.5251972	101183.101	101183.127	101183.101	101183.154	0.0528299097	0.0165169778	0	0	910.865	0	0	3
182	257	0	2.53914857	101183.1	101183.125	101183.1	101183.152	0.0526649068	0.0165169778	0	0	911.997	0	0	3
183	258	0	2.55309993	101183.098	101183.124	101183.098	101183.151	0.0523192866	0.0165169778	0	0	913.301	0	0	3
184	260	0	2.5670513	101183.097	101183.122	101183.097	101183.149	0.0521739458	0.0165169778	0	0	914.603	0	0	3
185	261	0	2.58100266	101183.096	101183.121	101183.096	101183.147	0.0518323456	0.0165169778	0	0	915.915	0	0	3
186	263	0	2.59495403	101183.094	101183.12	101183.094	101183.146	0.051817853	0.0165169778	0	0	917.229	0	0	3
187	264	0	2.6089054	101183.093	101183.118	101183.093	101183.144	0.0517973639	0.0165169778	0	0	918.552	0	0	3
188	265	0	2.62285676	101183.091	101183.117	101183.091	101183.143	0.0519949395	0.0165169778	0	0	919.852	0	0	3
189	267	0	2.63680813	101183.089	101183.115	101183.089	101183.141	0.0521336274	0.0165169778	0	0	921.159	0	0	3
190	268	0	2.65075949	101183.087	101183.114	101183.087	101183.14	0.0526429201	0.0165169778	0	0	922.472	0	0	3
191	269	0	2.66471086	101183.085	101183.112	101183.085	101183.138	0.0526824766	0.0165169778	0	0	923.796	0	0	3
192	271	0	2.67866222	101183.083	101183.111	101183.083	101183.137	0.0527302663	0.0165169778	0	0	925.103	0	0	3
193	272	0	2.69261359	101183.082	101183.109	101183.082	101183.135	0.0527684407	0.0165169778	0	0	926.409	0	0	3
194	274	0	2.70656496	101183.081	101183.107	101183.081	101183.134	0.0527886107	0.0165169778	0	0	927.709	0	0	3
195	275	0	2.72051632	101183.08	101183.106	101183.08	101183.132	0.0524861356	0.0165169778	0	0	929.085	0	0	3
196	276	0	2.73446769	101183.078	101183.104	101183.078	101183.131	0.0523753222	0.0165169778	0	0	930.561	0	0	3
197	278	0	2.74841905	101183.077	101183.103	101183.077	101183.129	0.0520230038	0.0165169778	0	0	931.966	0	0	3
198	279	0	2.76237042	101183.075	101183.101	101183.075	101183.127	0.0520429735	0.0165169778	0	0	933.416	0	0	3
199	280	0	2.77632178	101183.074	101183.1	101183.074	101183.126	0.0519379073	0.0165169778	0	0	934.757	0	0	3
200	282	0	2.79027315	101183.072	101183.098	101183.072	101183.124	0.052353758	0.0165169778	0	0	936.053	0	0	3
201	283	0	2.80422452	101183.07	101183.097	101183.07	101183.123	0.0527145066	0.0165169778	0	0	937.39	0	0	3
202	285	0	2.81817588	101183.068	101183.095	101183.068	101183.122	0.0527432245	0.0165169778	0	0	938.682	0	0	3
203	286	0	2.83212725	101183.067	101183.094	101183.067	101183.12	0.0527900146	0.0165169778	0	0	940.002	0	0	3
204	288	0	2.84607861	101183.065	101183.092	101183.065	101183.119	0.0528473334	0.0165169778	0	0	941.304	0	0	3
205	289	0	2.86002998	101183.063	101183.091	101183.063	101183.118	0.0529196301	0.0165169778	0	0	942.633	0	0	3
206	290	0	2.87398134	101183.062	101183.089	101183.062	101183.116	0.05298633	0.0165169778	0	0	943.923	0	0	3
207	292	0	2.88793271	101183.061	101183.088	101183.061	101183.114	0.0530332979	0.0165169778	0	0	945.233	0	0	3
208	293	0	2.90188408	101183.059	101183.086	101183.059	101183.113	0.0530568572	0.0165169778	0	0	946.536	0	0	3
209	294	0	2.91583544	101183.058	101183.085	101183.058	101183.111	0.0530535669	0.0165169778	0	0	947.837	0	0	3
210	296	0	2.92978681	101183.056	101183.083	101183.056	101183.109	0.0530220045	0.0165169778	0	0	949.139	0	0	3
211	297	0	2.94373817	101183.055	101183.082	101183.055	101183.108	0.0529839531	0.0165169778	0	0	950.458	0	0	3
212	299	0	2.95768954	101183.053	101183.08	101183.053	101183.106	0.0529534383	0.0165169778	0	0	951.757	0	0	3
213	300	0	2.9716409	101183.051	101183.079	101183.051	101183.105	0.0529277212	0.0165169778	0	0	953.059	0	0	3
214	301	0	2.98559227	101183.05	101183.077	101183.05	101183.103	0.0529202984	0.0165169778	0	0	954.364	0	0	3
215	303	0	2.99954364	101183.048	101183.076	101183.048	101183.102	0.0529252662	0.0165169778	0	0	955.677	0	0	3
216	304	0	3.013495	101183.047	101183.074	101183.047	101183.101	0.0529471926	0.0165169778	0	0	956.983	0	0	3
217	305	0	3.02744637	101183.045	101183.072	101183.045	101183.1	0.0529848225	0.0165169778	0	0	958.291	0	0	3
218	307	0	3.04139773	101183.044	101183.071	101183.044	101183.098	0.0530418187	0.0165169778	0	0	959.572	0	0	3
219	308	0	3.0553491	101183.042	101183.069	101183.042	101183.097	0.0531091683	0.0165169778	0	0	960.836	0	0	3
220	310	0	3.06930047	101183.041	101183.068	101183.041	101183.096	0.053178751	0.0165169778	0	0	961.943	0	0	3
221	311	0	3.08325183	101183.04	101183.066	101183.04	101183.094	0.0532465906	0.0165169778	0	0	963.22	0	0	3
222	312	0	3.0972032	101183.038	101183.065	101183.038	101183.093	0.0533115534	0.0165169778	0	0	964.559	0	0	3
223	314	0	3.11115456	101183.037	101183.063	101183.037	101183.091	0.0533713802	0.0165169778	0	0	965.92	0	0	3
224	315	0	3.12510593	101183.035	101183.062	101183.035	101183.089	0.0534339481	0.0165169778	0	0	967.351	0	0	3
225	316	0	3.13905729	101183.033	101183.06	101183.033	101183.087	0.0534789532	0.0165169778	0	0	968.516	0	0	3
226	318	0	3.15300866	101183.032	101183.059	101183.032	101183.085	0.0535061587	0.0165169778	0	0	969.806	0	0	3
227	319	0	3.16696003	101183.03	101183.057	101183.03	101183.083	0.0532346884	0.0165169778	0	0	970.986	0	0	3
228	320	0	3.18091139	101183.028	101183.055	101183.028	101183.082	0.0535170078	0.0165169778	0	0	972.408	0	0	3
229	322	0	3.19486276	101183.027	101183.054	101183.027	101183.081	0.0535283529	0.0165169778	0	0	973.583	0	0	3
230	323	0	3.20881412	101183.026	101183.052	101183.026	101183.08	0.0535594651	0.0165169778	0	0	974.983	0	0	3
231	325	0	3.22276549	101183.025	101183.051	101183.025	101183.078	0.053596613	0.0165169778	0	0	976.214	0	0	3
232	326	0	3.23671685	101183.023	101183.049	101183.023	101183.077	0.0536453134	0.0165169778	0	0	977.603	0	0	3
233	327	0	3.25066822	101183.021	101183.048	101183.021	101183.075	0.0536980032	0.0165169778	0	0	978.826	0	0	3
234	329	0	3.26461959	101183.02	101183.046	101183.02	101183.074	0.0537583865	0.0165169778	0	0	980.219	0	0	3
235	330	0	3.27857095	101183.019	101183.045	101183.019	101183.072	0.0534198324	0.0165169778	0	0	981.272	0	0	3
236	331	0	3.29252232	101183.017	101183.043	101183.017	101183.07	0.0531216901	0.0165169778	0	0	982.575	0	0	3
237	333	0	3.30647368	101183.016	101183.042	101183.016	101183.068	0.0525793197	0.0165169778	0	0	983.752	0	0	3
238	334	0	3.32042505	101183.014	101183.04	101183.014	101183.067	0.0526953025	0.0165169778	0	0	985.03	0	0	3
239	335	0	3.33437641	101183.012	101183.039	101183.012	101183.065	0.0526149035	0.0165169778	0	0	986.339	0	0	3
240	337	0	3.34832778	101183.011	101183.037	101183.011	101183.063	0.0527154817	0.0165169778	0	0	987.642	0	0	3
241	338	0	3.36227915	101183.009	101183.036	101183.009	101183.062	0.0525872636	0.0165169778	0	0	988.943	0	0	3
242	339	0	3.37623051	101183.008	101183.034	101183.008	101183.061	0.0528017057	0.0165169778	0	0	990.246	0	0	3
243	341	0	3.39018188	101183.006	101183.033	101183.006	101183.059	0.052625189	0.0165169778	0	0	991.562	0	0	3
244	342	0	3.40413324	101183.005	101183.031	101183.005	101183.058	0.0528588852	0.0165169778	0	0	992.853	0	0	3
245	344	0	3.41808461	101183.003	101183.03	101183.003	101183.056	0.0528627634	0.0165169778	0	0	994.187	0	0	3
246	345	0	3.43203597	101183.002	101183.028	101183.002	101183.055	0.0530437346	0.0165169778	0	0	995.495	0	0	3
247	346	0	3.44598734	101183	101183.027	101183	101183.053	0.052761809	0.0165169778	0	0	996.813	0	0	3
248	348	0	3.45993871	101182.999	101183.025	101182.999	101183.051	0.0528323917	0.0165169778	0	0	998.109	0	0	3
249	349	0	3.47389007	101182.997	101183.024	101182.997	101183.05	0.052437675	0.0165169778	0	0	999.251	0	0	3
250	350	0	3.48784144	101182.996	101183.022	101182.996	101183.048	0.0525781792	0.0165169778	0	0	1000.53	0	0	3
251	352	0	3.5017928	101182.994	101183.021	101182.994	101183.047	0.0524719084	0.0165169778	0	0	1001.84	0	0	3
252	353	0	3.51574417	101182.992	101183.019	101182.992	101183.045	0.0526704376	0.0165169778	0	0	1003.14	0	0	3
253	354	0	3.52969553	101182.991	101183.018	101182.991	101183.044	0.0523884678	0.0165169778	0	0	1004.45	0	0	3
254	356	0	3.5436469	101182.99	101183.016	101182.99	101183.042	0.0524820758	0.0165169778	0	0	1005.74	0	0	3
255	357	0	3.55759827	101182.988	101183.015	101182.988	101183.041	0.0525157138	0.0165169778	0	0	1007.03	0	0	3
256	358	0	3.57154963	101182.987	101183.013	101182.987	101183.04	0.0528103392	0.0165169778	0	0	1008.32	0	0	3
257	360	0	3.585501	101182.986	101183.012	101182.986	101183.038	0.0527794462	0.0165169778	0	0	1009.62	0	0	3
258	361	0	3.59945236	101182.984	101183.01	101182.984	101183.037	0.0527336018	0.0165169778	0	0	1010.94	0	0	3
259	362	0	3.61340373	101182.983	101183.009	101182.983	101183.035	0.0521757958	0.0165169778	0	0	1012.25	0	0	3
260	364	0	3.6273551	101182.981	101183.007	101182.981	101183.033	0.0524963319	0.0165169778	0	0	1013.57	0	0	3
261	365	0	3.64130646	101182.979	101183.006	101182.979	101183.032	0.0524583845	0.0165169778	0	0	1014.87	0	0	3
262	367	0	3.65525783	101182.977	101183.004	101182.977	101183.03	0.0529301592	0.0165169778	0	0	1016.2	0	0	3
263	368	0	3.66920919	101182.976	101183.003	101182.976	101183.028	0.0525279672	0.0165169778	0	0	1017.33	0	0	3
264	369	0	3.68316056	101182.974	101183.001	101182.974	101183.027	0.0529142154	0.0165169778	0	0	1018.63	0	0	3
265	371	0	3.69711192	101182.973	101183	101182.973	101183.026	0.052894325	0.0165169778	0	0	1019.93	0	0	3
266	372	0	3.71106329	101182.971	101182.998	101182.971	101183.025	0.0528715343	0.0165169778	0	0	1021.24	0	0	3
267	373	0	3.72501466	101182.97	101182.996	101182.97	101183.023	0.0528498248	0.0165169778	0	0	1022.52	0	0	3
268	375	0	3.73896602	101182.968	101182.995	101182.968	101183.021	0.0528229325	0.0165169778	0	0	1023.85	0	0	3
269	376	0	3.75291739	101182.967	101182.993	101182.967	101183.02	0.0526531088	0.0165169778	0	0	1025.15	0	0	3
270	378	0	3.76686875	101182.965	101182.992	101182.965	101183.019	0.0527585254	0.0165169778	0	0	1026.48	0	0	3
271	379	0	3.78082012	101182.964	101182.99	101182.964	101183.017	0.0527490425	0.0165169778	0	0	1027.77	0	0	3
272	380	0	3.79477148	101182.962	101182.989	101182.962	101183.016	0.052754552	0.0165169778	0	0	1029.1	0	0	3
273	382	0	3.80872285	101182.961	101182.987	101182.961	101183.014	0.0527677408	0.0165169778	0	0	1030.41	0	0	3
274	383	0	3.82267422	101182.959	101182.986	101182.959	101183.012	0.0527793073	0.0165169778	0	0	1031.74	0	0	3
275	384	0	3.83662558	101182.958	101182.984	101182.958	101183.011	0.052789486	0.0165169778	0	0	1033.03	0	0	3
276	386	0	3.85057695	101182.956	101182.983	101182.956	101183.009	0.0528038422	0.0165169778	0	0	1034.35	0	0	3
277	387	0	3.86452831	101182.955	101182.981	101182.955	101183.008	0.0528104103	0.0165169778	0	0	1035.47	0	0	3
278	388	0	3.87847968	101182.953	101182.98	101182.953	101183.006	0.0528165592	0.0165169778	0	0	1036.77	0	0	3
279	390	0	3.89243104	101182.952	101182.978	101182.952	101183.005	0.052823218	0.0165169778	0	0	1038.09	0	0	3
280	391	0	3.90638241	101182.95	101182.977	101182.95	101183.003	0.0528260811	0.0165169778	0	0	1039.41	0	0	3
281	392	0	3.92033378	101182.949	101182.975	101182.949	101183.002	0.0526891894	0.0165169778	0	0	1040.72	0	0	3
282	394	0	3.93428514	101182.947	101182.974	101182.947	101183	0.0528176684	0.0165169778	0	0	1042.05	0	0	3
283	395	0	3.94823651	101182.946	101182.972	101182.946	101182.999	0.0528203589	0.0165169778	0	0	1043.37	0	0	3
284	397	0	3.96218787	101182.944	101182.971	101182.944	101182.997	0.0528341179	0.0165169778	0	0	1044.69	0	0	3
285	398	0	3.97613924	101182.942	101182.969	101182.942	101182.996	0.0528581663	0.0165169778	0	0	1045.99	0	0	3
286	399	0	3.9900906	101182.941	101182.968	101182.941	101182.994	0.0528855441	0.0165169778	0	0	1047.3	0	0	3
287	401	0	4.00404197	101182.939	101182.966	101182.939	101182.992	0.0529084353	0.0165169778	0	0	1048.56	0	0	3
