Iteration	CPUTime	PhysTime	Travels	Value	AvValue	MinValue	MaxValue	Delta	Criteria	Progress	dGMaxMin	CriteriaType	CriteriaVarType	CriteriaPercentage
1	8	0	0.0139513658	0	0	0	0	0	0	0	0	0	0	0	3
2	10	0	0.0279027315	0	0	0	0	0	0	0	0	0	0	0	3
3	11	0	0.0418540973	0	0	0	0	0	0	0	0	0	0	0	3
4	13	0	0.055805463	0	0	0	0	0	0	0	0	0	0	0	3
5	14	0	0.0697568288	0	0	0	0	0	0	0	0	0	0	0	3
6	16	0	0.0837081945	0	0	0	0	0	0	0	0	0	0	0	3
7	17	0	0.0976595603	0	0	0	0	0	0	0	0	0	0	0	3
8	18	0	0.111610926	0	0	0	0	0	0	0	0	0	0	0	3
9	20	0	0.125562292	0	0	0	0	0	0	0	0	0	0	0	3
10	21	0	0.139513658	0	0	0	0	0	0	0	0	0	0	0	3
11	22	0	0.153465023	0	0	0	0	0	0	0	0	0	0	0	3
12	23	0	0.167416389	0	0	0	0	0	0	0	0	0	0	0	3
13	25	0	0.181367755	0	0	0	0	0	0	0	0	0	0	0	3
14	26	0	0.195319121	0	0	0	0	0	0	0	0	0	0	0	3
15	27	0	0.209270486	0	0	0	0	0	0	0	0	0	0	0	3
16	29	0	0.223221852	0	0	0	0	0	0	0	0	0	0	0	3
17	30	0	0.237173218	0	0	0	0	0	0	0	0	0	0	0	3
18	32	0	0.251124584	0	0	0	0	0	0	0	0	0	0	0	3
19	33	0	0.265075949	0	0	0	0	0	0	0	0	0	0	0	3
20	34	0	0.279027315	0	0	0	0	0	0	0	0	0	0	0	3
21	36	0	0.292978681	0	0	0	0	0	0	0	0	0	0	0	3
22	37	0	0.306930047	0	0	0	0	0	0	0	0	0	0	0	3
23	38	0	0.320881412	0	0	0	0	0	0	0	0	0	0	0	3
24	40	0	0.334832778	0	0	0	0	0	0	0	0	0	0	0	3
25	41	0	0.348784144	0	0	0	0	0	0	0	0	0	0	0	3
26	43	0	0.36273551	0	0	0	0	0	0	0	0	0	0	0	3
27	44	0	0.376686875	0	0	0	0	0	0	0	0	0	0	0	3
28	45	0	0.390638241	0	0	0	0	0	0	0	0	0	0	0	3
29	47	0	0.404589607	0	0	0	0	0	0	0	0	0	0	0	3
30	48	0	0.418540973	0	0	0	0	0	0	0	0	0	0	0	3
31	50	0	0.432492338	0	0	0	0	0	0	0	0	0	0	0	3
32	51	0	0.446443704	0	0	0	0	0	0	0	0	0	0	0	3
33	52	0	0.46039507	0	0	0	0	0	0	0	0	0	0	0	3
34	54	0	0.474346436	0	0	0	0	0	0	0	0	0	0	0	3
35	55	0	0.488297801	0	0	0	0	0	0	0	0	0	0	0	3
36	57	0	0.502249167	0	0	0	0	0	0	0	0	0	0	0	3
37	58	0	0.516200533	0	0	0	0	0	0	0	0	0	0	0	3
38	60	0	0.530151899	0	0	0	0	0	0	0	0	0	0	0	3
39	61	0	0.544103264	0	0	0	0	0	0	0	0	0	0	0	3
40	63	0	0.55805463	0	0	0	0	0	0	0	0	0	0	0	3
41	64	0	0.572005996	0	0	0	0	0	0	0	0	0	0	0	3
42	65	0	0.585957362	0	0	0	0	0	0	0	0	0	0	0	3
43	67	0	0.599908727	0	0	0	0	0	0	0	0	0	0	0	3
44	68	0	0.613860093	0	0	0	0	0	0	0	0	0	0	0	3
45	70	0	0.627811459	0	0	0	0	0	0	0	0	0	0	0	3
46	71	0	0.641762825	0	0	0	0	0	0	0	0	0	0	0	3
47	72	0	0.65571419	0	0	0	0	0	0	0	0	0	0	0	3
48	74	0	0.669665556	0	0	0	0	0	0	0	0	0	0	0	3
49	75	0	0.683616922	0	0	0	0	0	0	0	0	0	0	0	3
50	77	0	0.697568288	0	0	0	0	0	0	0	0	0	0	0	3
51	78	0	0.711519653	0	0	0	0	0	0	0	0	0	0	0	3
52	79	0	0.725471019	0	0	0	0	0	0	0	0	0	0	0	3
53	81	0	0.739422385	0	0	0	0	0	0	0	0	0	0	0	3
54	82	0	0.753373751	0	0	0	0	0	0	0	0	0	0	0	3
55	83	0	0.767325116	0	0	0	0	0	0	0	0	0	0	0	3
56	85	0	0.781276482	0	0	0	0	0	0	0	0	0	0	0	3
57	86	0	0.795227848	0	0	0	0	0	0	0	0	0	0	0	3
58	88	0	0.809179214	0	0	0	0	0	0	0	0	0	0	0	3
59	89	0	0.823130579	0	0	0	0	0	0	0	0	0	0	0	3
60	90	0	0.837081945	0	0	0	0	0	0	0	0	0	0	0	3
61	92	0	0.851033311	0	0	0	0	0	0	0	0	0	0	0	3
62	93	0	0.864984677	0	0	0	0	0	0	0	0	0	0	0	3
63	95	0	0.878936042	0	0	0	0	0	0	0	0	0	0	0	3
64	96	0	0.892887408	0	0	0	0	0	0	0	0	0	0	0	3
65	97	0	0.906838774	0	0	0	0	0	0	0	0	0	0	0	3
66	99	0	0.92079014	0	0	0	0	0	0	0	0	0	0	0	3
67	100	0	0.934741505	0	0	0	0	0	0	0	0	0	0	0	3
68	101	0	0.948692871	0	0	0	0	0	0	0	0	0	0	0	3
69	103	0	0.962644237	0	0	0	0	0	0	0	0	0	0	0	3
70	104	0	0.976595603	0	0	0	0	0	0	0	0	0	0	0	3
71	106	0	0.990546968	0	0	0	0	0	0	0	0	0	0	0	3
72	107	0	1.00449833	0	0	0	0	0	5e-06	0	0	0	0	0	3
73	108	0	1.0184497	0	0	0	0	0	5e-06	0	0	0	0	0	3
74	110	0	1.03240107	0	0	0	0	0	5e-06	0	0	0	0	0	3
75	111	0	1.04635243	0	0	0	0	0	5e-06	0	0	0	0	0	3
76	112	0	1.0603038	0	0	0	0	0	5e-06	0	0	0	0	0	3
77	114	0	1.07425516	0	0	0	0	0	5e-06	0	0	0	0	0	3
78	115	0	1.08820653	0	0	0	0	0	5e-06	0	0	0	0	0	3
79	117	0	1.10215789	0	0	0	0	0	5e-06	0	0	0	0	0	3
80	118	0	1.11610926	0	0	0	0	0	5e-06	0	0	0	0	0	3
81	119	0	1.13006063	0	0	0	0	0	5e-06	0	0	0	0	0	3
82	121	0	1.14401199	0	0	0	0	0	5e-06	0	0	0	0	0	3
83	122	0	1.15796336	0	0	0	0	0	5e-06	0	0	0	0	0	3
84	123	0	1.17191472	0	0	0	0	0	5e-06	0	0	0	0	0	3
85	125	0	1.18586609	0	0	0	0	0	5e-06	0	0	0	0	0	3
86	126	0	1.19981745	0	0	0	0	0	5e-06	0	0	0	0	0	3
87	128	0	1.21376882	0	0	0	0	0	5e-06	0	0	0	0	0	3
88	129	0	1.22772019	0	0	0	0	0	5e-06	0	0	0	0	0	3
89	130	0	1.24167155	0	0	0	0	0	5e-06	0	0	0	0	0	3
90	132	0	1.25562292	0	0	0	0	0	5e-06	0	0	0	0	0	3
91	133	0	1.26957428	0	0	0	0	0	5e-06	0	0	0	0	0	3
92	134	0	1.28352565	0	0	0	0	0	5e-06	0	0	0	0	0	3
93	136	0	1.29747701	0	0	0	0	0	5e-06	0	0	0	0	0	3
94	137	0	1.31142838	0	0	0	0	0	5e-06	0	0	0	0	0	3
95	138	0	1.32537975	0	0	0	0	0	5e-06	0	0	0	0	0	3
96	140	0	1.33933111	0	0	0	0	0	5e-06	0	0	0	0	0	3
97	141	0	1.35328248	0	0	0	0	0	5e-06	0	0	0	0	0	3
98	143	0	1.36723384	0	0	0	0	0	5e-06	0	0	0	0	0	3
99	144	0	1.38118521	0	0	0	0	0	5e-06	0	0	0	0	0	3
100	145	0	1.39513658	0	0	0	0	0	5e-06	0	0	0	0	0	3
101	147	0	1.40908794	0	0	0	0	0	5e-06	0	0	0	0	0	3
102	148	0	1.42303931	0	0	0	0	0	5e-06	0	0	0	0	0	3
103	150	0	1.43699067	0	0	0	0	0	5e-06	0	0	0	0	0	3
104	151	0	1.45094204	0	0	0	0	0	5e-06	0	0	0	0	0	3
105	153	0	1.4648934	0	0	0	0	0	5e-06	0	0	0	0	0	3
106	154	0	1.47884477	0	0	0	0	0	5e-06	0	0	0	0	0	3
107	155	0	1.49279614	0	0	0	0	0	5e-06	0	0	0	0	0	3
108	157	0	1.5067475	0	0	0	0	0	5e-06	0	0	0	0	0	3
109	158	0	1.52069887	0	0	0	0	0	5e-06	0	0	0	0	0	3
110	160	0	1.53465023	0	0	0	0	0	5e-06	0	0	0	0	0	3
111	161	0	1.5486016	0	0	0	0	0	5e-06	0	0	0	0	0	3
112	162	0	1.56255296	0	0	0	0	0	5e-06	0	0	0	0	0	3
113	164	0	1.57650433	0	0	0	0	0	5e-06	0	0	0	0	0	3
114	165	0	1.5904557	0	0	0	0	0	5e-06	0	0	0	0	0	3
115	166	0	1.60440706	0	0	0	0	0	5e-06	0	0	0	0	0	3
116	168	0	1.61835843	0	0	0	0	0	5e-06	0	0	0	0	0	3
117	169	0	1.63230979	0	0	0	0	0	5e-06	0	0	0	0	0	3
118	170	0	1.64626116	0	0	0	0	0	5e-06	0	0	0	0	0	3
119	172	0	1.66021252	0	0	0	0	0	5e-06	0	0	0	0	0	3
120	173	0	1.67416389	0	0	0	0	0	5e-06	0	0	0	0	0	3
121	174	0	1.68811526	0	0	0	0	0	5e-06	0	0	0	0	0	3
122	176	0	1.70206662	0	0	0	0	0	5e-06	0	0	0	0	0	3
123	177	0	1.71601799	0	0	0	0	0	5e-06	0	0	0	0	0	3
124	178	0	1.72996935	0	0	0	0	0	5e-06	0	0	0	0	0	3
125	180	0	1.74392072	0	0	0	0	0	5e-06	0	0	0	0	0	3
126	181	0	1.75787208	0	0	0	0	0	5e-06	0	0	0	0	0	3
127	183	0	1.77182345	0	0	0	0	0	5e-06	0	0	0	0	0	3
128	184	0	1.78577482	0	0	0	0	0	5e-06	0	0	0	0	0	3
129	185	0	1.79972618	0	0	0	0	0	5e-06	0	0	0	0	0	3
130	187	0	1.81367755	0	0	0	0	0	5e-06	0	0	0	0	0	3
131	188	0	1.82762891	0	0	0	0	0	5e-06	0	0	0	0	0	3
132	189	0	1.84158028	0	0	0	0	0	5e-06	0	0	0	0	0	3
133	191	0	1.85553164	0	0	0	0	0	5e-06	0	0	0	0	0	3
134	192	0	1.86948301	0	0	0	0	0	5e-06	0	0	0	0	0	3
135	193	0	1.88343438	0	0	0	0	0	5e-06	0	0	0	0	0	3
136	195	0	1.89738574	0	0	0	0	0	5e-06	0	0	0	0	0	3
137	196	0	1.91133711	0	0	0	0	0	5e-06	0	0	0	0	0	3
138	197	0	1.92528847	0	0	0	0	0	5e-06	0	0	0	0	0	3
139	199	0	1.93923984	0	0	0	0	0	5e-06	0	0	0	0	0	3
140	200	0	1.95319121	0	0	0	0	0	5e-06	0	0	0	0	0	3
141	201	0	1.96714257	0	0	0	0	0	5e-06	0	0	0	0	0	3
142	203	0	1.98109394	0	0	0	0	0	5e-06	0	0	0	0	0	3
143	204	0	1.9950453	0	0	0	0	0	5e-06	0	0	0	0	0	3
144	206	0	2.00899667	0	0	0	0	0	5e-06	0	0	0	0	0	3
145	207	0	2.02294803	0	0	0	0	0	5e-06	0	0	0	0	0	3
146	208	0	2.0368994	0	0	0	0	0	5e-06	0	0	0	0	0	3
147	210	0	2.05085077	0	0	0	0	0	5e-06	0	0	0	0	0	3
148	211	0	2.06480213	0	0	0	0	0	5e-06	0	0	0	0	0	3
149	212	0	2.0787535	0	0	0	0	0	5e-06	0	0	0	0	0	3
150	214	0	2.09270486	0	0	0	0	0	5e-06	0	0	0	0	0	3
151	215	0	2.10665623	0	0	0	0	0	5e-06	0	0	0	0	0	3
152	216	0	2.12060759	0	0	0	0	0	5e-06	0	0	0	0	0	3
153	218	0	2.13455896	0	0	0	0	0	5e-06	0	0	0	0	0	3
154	219	0	2.14851033	0	0	0	0	0	5e-06	0	0	0	0	0	3
155	220	0	2.16246169	0	0	0	0	0	5e-06	0	0	0	0	0	3
156	222	0	2.17641306	0	0	0	0	0	5e-06	0	0	0	0	0	3
157	223	0	2.19036442	0	0	0	0	0	5e-06	0	0	0	0	0	3
158	224	0	2.20431579	0	0	0	0	0	5e-06	0	0	0	0	0	3
159	226	0	2.21826715	0	0	0	0	0	5e-06	0	0	0	0	0	3
160	227	0	2.23221852	0	0	0	0	0	5e-06	0	0	0	0	0	3
161	229	0	2.24616989	0	0	0	0	0	5e-06	0	0	0	0	0	3
162	230	0	2.26012125	0	0	0	0	0	5e-06	0	0	0	0	0	3
163	231	0	2.27407262	0	0	0	0	0	5e-06	0	0	0	0	0	3
164	233	0	2.28802398	0	0	0	0	0	5e-06	0	0	0	0	0	3
165	234	0	2.30197535	0	0	0	0	0	5e-06	0	0	0	0	0	3
166	235	0	2.31592671	0	0	0	0	0	5e-06	0	0	0	0	0	3
167	237	0	2.32987808	0	0	0	0	0	5e-06	0	0	0	0	0	3
168	238	0	2.34382945	0	0	0	0	0	5e-06	0	0	0	0	0	3
169	239	0	2.35778081	0	0	0	0	0	5e-06	0	0	0	0	0	3
170	241	0	2.37173218	0	0	0	0	0	5e-06	0	0	0	0	0	3
171	242	0	2.38568354	0	0	0	0	0	5e-06	0	0	0	0	0	3
172	243	0	2.39963491	0	0	0	0	0	5e-06	0	0	0	0	0	3
173	245	0	2.41358627	0	0	0	0	0	5e-06	0	0	0	0	0	3
174	246	0	2.42753764	0	0	0	0	0	5e-06	0	0	0	0	0	3
175	248	0	2.44148901	0	0	0	0	0	5e-06	0	0	0	0	0	3
176	249	0	2.45544037	0	0	0	0	0	5e-06	0	0	0	0	0	3
177	250	0	2.46939174	0	0	0	0	0	5e-06	0	0	0	0	0	3
178	252	0	2.4833431	0	0	0	0	0	5e-06	0	0	0	0	0	3
179	253	0	2.49729447	0	0	0	0	0	5e-06	0	0	0	0	0	3
180	254	0	2.51124584	0	0	0	0	0	5e-06	0	0	0	0	0	3
181	256	0	2.5251972	0	0	0	0	0	5e-06	0	0	0	0	0	3
182	257	0	2.53914857	0	0	0	0	0	5e-06	0	0	0	0	0	3
183	258	0	2.55309993	0	0	0	0	0	5e-06	0	0	0	0	0	3
184	260	0	2.5670513	0	0	0	0	0	5e-06	0	0	0	0	0	3
185	261	0	2.58100266	0	0	0	0	0	5e-06	0	0	0	0	0	3
186	263	0	2.59495403	0	0	0	0	0	5e-06	0	0	0	0	0	3
187	264	0	2.6089054	0	0	0	0	0	5e-06	0	0	0	0	0	3
188	265	0	2.62285676	0	0	0	0	0	5e-06	0	0	0	0	0	3
189	267	0	2.63680813	0	0	0	0	0	5e-06	0	0	0	0	0	3
190	268	0	2.65075949	0	0	0	0	0	5e-06	0	0	0	0	0	3
191	269	0	2.66471086	0	0	0	0	0	5e-06	0	0	0	0	0	3
192	271	0	2.67866222	0	0	0	0	0	5e-06	0	0	0	0	0	3
193	272	0	2.69261359	0	0	0	0	0	5e-06	0	0	0	0	0	3
194	274	0	2.70656496	0	0	0	0	0	5e-06	0	0	0	0	0	3
195	275	0	2.72051632	0	0	0	0	0	5e-06	0	0	0	0	0	3
196	276	0	2.73446769	0	0	0	0	0	5e-06	0	0	0	0	0	3
197	278	0	2.74841905	0	0	0	0	0	5e-06	0	0	0	0	0	3
198	279	0	2.76237042	0	0	0	0	0	5e-06	0	0	0	0	0	3
199	280	0	2.77632178	0	0	0	0	0	5e-06	0	0	0	0	0	3
200	282	0	2.79027315	0	0	0	0	0	5e-06	0	0	0	0	0	3
201	283	0	2.80422452	0	0	0	0	0	5e-06	0	0	0	0	0	3
202	285	0	2.81817588	0	0	0	0	0	5e-06	0	0	0	0	0	3
203	286	0	2.83212725	0	0	0	0	0	5e-06	0	0	0	0	0	3
204	288	0	2.84607861	0	0	0	0	0	5e-06	0	0	0	0	0	3
205	289	0	2.86002998	0	0	0	0	0	5e-06	0	0	0	0	0	3
206	290	0	2.87398134	0	0	0	0	0	5e-06	0	0	0	0	0	3
207	292	0	2.88793271	0	0	0	0	0	5e-06	0	0	0	0	0	3
208	293	0	2.90188408	0	0	0	0	0	5e-06	0	0	0	0	0	3
209	294	0	2.91583544	0	0	0	0	0	5e-06	0	0	0	0	0	3
210	296	0	2.92978681	0	0	0	0	0	5e-06	0	0	0	0	0	3
211	297	0	2.94373817	0	0	0	0	0	5e-06	0	0	0	0	0	3
212	299	0	2.95768954	0	0	0	0	0	5e-06	0	0	0	0	0	3
213	300	0	2.9716409	0	0	0	0	0	5e-06	0	0	0	0	0	3
214	301	0	2.98559227	0	0	0	0	0	5e-06	0	0	0	0	0	3
215	303	0	2.99954364	0	0	0	0	0	5e-06	0	0	0	0	0	3
216	304	0	3.013495	0	0	0	0	0	5e-06	0	0	0	0	0	3
217	305	0	3.02744637	0	0	0	0	0	5e-06	0	0	0	0	0	3
218	307	0	3.04139773	0	0	0	0	0	5e-06	0	0	0	0	0	3
219	308	0	3.0553491	0	0	0	0	0	5e-06	0	0	0	0	0	3
220	310	0	3.06930047	0	0	0	0	0	5e-06	0	0	0	0	0	3
221	311	0	3.08325183	0	0	0	0	0	5e-06	0	0	0	0	0	3
222	312	0	3.0972032	0	0	0	0	0	5e-06	0	0	0	0	0	3
223	314	0	3.11115456	0	0	0	0	0	5e-06	0	0	0	0	0	3
224	315	0	3.12510593	0	0	0	0	0	5e-06	0	0	0	0	0	3
225	316	0	3.13905729	0	0	0	0	0	5e-06	0	0	0	0	0	3
226	318	0	3.15300866	0	0	0	0	0	5e-06	0	0	0	0	0	3
227	319	0	3.16696003	0	0	0	0	0	5e-06	0	0	0	0	0	3
228	320	0	3.18091139	0	0	0	0	0	5e-06	0	0	0	0	0	3
229	322	0	3.19486276	0	0	0	0	0	5e-06	0	0	0	0	0	3
230	323	0	3.20881412	0	0	0	0	0	5e-06	0	0	0	0	0	3
231	325	0	3.22276549	0	0	0	0	0	5e-06	0	0	0	0	0	3
232	326	0	3.23671685	0	0	0	0	0	5e-06	0	0	0	0	0	3
233	327	0	3.25066822	0	0	0	0	0	5e-06	0	0	0	0	0	3
234	329	0	3.26461959	0	0	0	0	0	5e-06	0	0	0	0	0	3
235	330	0	3.27857095	0	0	0	0	0	5e-06	0	0	0	0	0	3
236	331	0	3.29252232	0	0	0	0	0	5e-06	0	0	0	0	0	3
237	333	0	3.30647368	0	0	0	0	0	5e-06	0	0	0	0	0	3
238	334	0	3.32042505	0	0	0	0	0	5e-06	0	0	0	0	0	3
239	335	0	3.33437641	0	0	0	0	0	5e-06	0	0	0	0	0	3
240	337	0	3.34832778	0	0	0	0	0	5e-06	0	0	0	0	0	3
241	338	0	3.36227915	0	0	0	0	0	5e-06	0	0	0	0	0	3
242	339	0	3.37623051	0	0	0	0	0	5e-06	0	0	0	0	0	3
243	341	0	3.39018188	0	0	0	0	0	5e-06	0	0	0	0	0	3
244	342	0	3.40413324	0	0	0	0	0	5e-06	0	0	0	0	0	3
245	344	0	3.41808461	0	0	0	0	0	5e-06	0	0	0	0	0	3
246	345	0	3.43203597	0	0	0	0	0	5e-06	0	0	0	0	0	3
247	346	0	3.44598734	0	0	0	0	0	5e-06	0	0	0	0	0	3
248	348	0	3.45993871	0	0	0	0	0	5e-06	0	0	0	0	0	3
249	349	0	3.47389007	0	0	0	0	0	5e-06	0	0	0	0	0	3
250	350	0	3.48784144	0	0	0	0	0	5e-06	0	0	0	0	0	3
251	352	0	3.5017928	0	0	0	0	0	5e-06	0	0	0	0	0	3
252	353	0	3.51574417	0	0	0	0	0	5e-06	0	0	0	0	0	3
253	354	0	3.52969553	0	0	0	0	0	5e-06	0	0	0	0	0	3
254	356	0	3.5436469	0	0	0	0	0	5e-06	0	0	0	0	0	3
255	357	0	3.55759827	0	0	0	0	0	5e-06	0	0	0	0	0	3
256	358	0	3.57154963	0	0	0	0	0	5e-06	0	0	0	0	0	3
257	360	0	3.585501	0	0	0	0	0	5e-06	0	0	0	0	0	3
258	361	0	3.59945236	0	0	0	0	0	5e-06	0	0	0	0	0	3
259	362	0	3.61340373	0	0	0	0	0	5e-06	0	0	0	0	0	3
260	364	0	3.6273551	0	0	0	0	0	5e-06	0	0	0	0	0	3
261	365	0	3.64130646	0	0	0	0	0	5e-06	0	0	0	0	0	3
262	367	0	3.65525783	0	0	0	0	0	5e-06	0	0	0	0	0	3
263	368	0	3.66920919	0	0	0	0	0	5e-06	0	0	0	0	0	3
264	369	0	3.68316056	0	0	0	0	0	5e-06	0	0	0	0	0	3
265	371	0	3.69711192	0	0	0	0	0	5e-06	0	0	0	0	0	3
266	372	0	3.71106329	0	0	0	0	0	5e-06	0	0	0	0	0	3
267	373	0	3.72501466	0	0	0	0	0	5e-06	0	0	0	0	0	3
268	375	0	3.73896602	0	0	0	0	0	5e-06	0	0	0	0	0	3
269	376	0	3.75291739	0	0	0	0	0	5e-06	0	0	0	0	0	3
270	378	0	3.76686875	0	0	0	0	0	5e-06	0	0	0	0	0	3
271	379	0	3.78082012	0	0	0	0	0	5e-06	0	0	0	0	0	3
272	380	0	3.79477148	0	0	0	0	0	5e-06	0	0	0	0	0	3
273	382	0	3.80872285	0	0	0	0	0	5e-06	0	0	0	0	0	3
274	383	0	3.82267422	0	0	0	0	0	5e-06	0	0	0	0	0	3
275	384	0	3.83662558	0	0	0	0	0	5e-06	0	0	0	0	0	3
276	386	0	3.85057695	0	0	0	0	0	5e-06	0	0	0	0	0	3
277	387	0	3.86452831	0	0	0	0	0	5e-06	0	0	0	0	0	3
278	388	0	3.87847968	0	0	0	0	0	5e-06	0	0	0	0	0	3
279	390	0	3.89243104	0	0	0	0	0	5e-06	0	0	0	0	0	3
280	391	0	3.90638241	0	0	0	0	0	5e-06	0	0	0	0	0	3
281	392	0	3.92033378	0	0	0	0	0	5e-06	0	0	0	0	0	3
282	394	0	3.93428514	0	0	0	0	0	5e-06	0	0	0	0	0	3
283	395	0	3.94823651	0	0	0	0	0	5e-06	0	0	0	0	0	3
284	397	0	3.96218787	0	0	0	0	0	5e-06	0	0	0	0	0	3
285	398	0	3.97613924	0	0	0	0	0	5e-06	0	0	0	0	0	3
286	399	0	3.9900906	0	0	0	0	0	5e-06	0	0	0	0	0	3
287	401	0	4.00404197	0	0	0	0	0	5e-06	0	0	0	0	0	3
